0.0000e+00 2.2539e+06
1.0000e+01 1.6750e+06
2.0000e+01 3.4946e+06
3.0000e+01 7.6541e+06
4.0000e+01 1.8192e+07
5.0000e+01 4.8955e+07
6.0000e+01 1.5041e+08
7.0000e+01 4.2013e+08
8.0000e+01 7.5326e+08
9.0000e+01 1.3204e+09
1.0000e+02 2.3239e+09
1.1000e+02 3.3269e+09
1.2000e+02 3.9194e+09
1.3000e+02 4.2583e+09
1.4000e+02 4.4094e+09
1.5000e+02 4.4405e+09
1.6000e+02 4.1900e+09
1.7000e+02 3.7635e+09
1.8000e+02 3.9526e+09
1.9000e+02 4.0657e+09
2.0000e+02 3.7369e+09
2.1000e+02 3.7786e+09
2.2000e+02 3.8857e+09
2.3000e+02 3.6846e+09
2.4000e+02 3.6152e+09
2.5000e+02 3.7475e+09
2.6000e+02 4.0154e+09
2.7000e+02 4.2487e+09
2.8000e+02 4.2356e+09
2.9000e+02 4.6103e+09
3.0000e+02 4.6278e+09
3.1000e+02 4.3923e+09
3.2000e+02 4.0816e+09
3.3000e+02 4.2571e+09
3.4000e+02 3.9782e+09
3.5000e+02 3.8662e+09
3.6000e+02 3.7179e+09
3.7000e+02 3.5355e+09
3.8000e+02 3.7842e+09
3.9000e+02 3.8747e+09
4.0000e+02 3.6338e+09
4.1000e+02 3.5748e+09
4.2000e+02 3.6953e+09
4.3000e+02 3.8948e+09
4.4000e+02 4.1578e+09
4.5000e+02 3.9990e+09
4.6000e+02 3.9251e+09
4.7000e+02 3.7306e+09
4.8000e+02 3.7745e+09
4.9000e+02 3.7868e+09
5.0000e+02 4.1439e+09
5.1000e+02 4.0493e+09
5.2000e+02 4.0326e+09
5.3000e+02 4.0351e+09
5.4000e+02 4.0874e+09
5.5000e+02 4.0402e+09
5.6000e+02 4.1661e+09
5.7000e+02 3.9297e+09
5.8000e+02 4.1728e+09
5.9000e+02 3.9301e+09
6.0000e+02 3.9673e+09
6.1000e+02 3.9682e+09
6.2000e+02 4.0389e+09
6.3000e+02 4.0536e+09
6.4000e+02 4.2008e+09
6.5000e+02 4.0151e+09
6.6000e+02 3.9225e+09
6.7000e+02 4.1840e+09
6.8000e+02 4.1659e+09
6.9000e+02 4.0972e+09
7.0000e+02 3.9231e+09
7.1000e+02 3.7867e+09
7.2000e+02 3.9393e+09
7.3000e+02 4.0015e+09
7.4000e+02 3.9785e+09
7.5000e+02 3.8897e+09
7.6000e+02 3.8578e+09
7.7000e+02 3.9662e+09
7.8000e+02 3.8156e+09
7.9000e+02 3.9427e+09
8.0000e+02 4.0986e+09
8.1000e+02 4.3825e+09
8.2000e+02 4.3177e+09
8.3000e+02 4.3763e+09
8.4000e+02 4.2989e+09
8.5000e+02 4.0294e+09
8.6000e+02 3.9563e+09
8.7000e+02 3.8827e+09
8.8000e+02 3.7736e+09
8.9000e+02 3.9815e+09
9.0000e+02 4.2334e+09
9.1000e+02 4.3561e+09
9.2000e+02 4.1024e+09
9.3000e+02 4.4023e+09
9.4000e+02 4.0333e+09
9.5000e+02 3.9248e+09
9.6000e+02 4.0568e+09
9.7000e+02 3.9082e+09
9.8000e+02 4.0086e+09
9.9000e+02 3.9315e+09
1.0000e+03 3.6150e+09
