0.0000e+00 0.0000e+00 0.0000e+00 3.8452e-01 -3.6724e-01 1.8175e-01 -1.7693e-01
1.0000e+01 1.7563e-01 -1.7253e-01 1.6637e-01 -1.6321e-01 1.0127e-01 -1.0450e-01
2.0000e+01 2.6862e-01 -2.7927e-01 2.5054e-01 -2.6112e-01 1.7796e-01 -1.6744e-01
3.0000e+01 4.3511e-01 -4.1920e-01 4.0213e-01 -3.8797e-01 2.7782e-01 -2.9343e-01
4.0000e+01 6.3639e-01 -6.2188e-01 5.8193e-01 -5.6812e-01 4.5190e-01 -4.5441e-01
5.0000e+01 9.3263e-01 -9.1136e-01 8.4577e-01 -8.2265e-01 7.5286e-01 -7.1155e-01
6.0000e+01 1.8634e+00 -1.5416e+00 1.7318e+00 -1.3878e+00 1.3616e+00 -1.4302e+00
7.0000e+01 2.5376e+00 -2.5385e+00 2.4759e+00 -2.3806e+00 2.5666e+00 -2.8197e+00
8.0000e+01 3.4518e+00 -3.6907e+00 3.3716e+00 -3.5533e+00 3.7028e+00 -3.3168e+00
9.0000e+01 5.4035e+00 -5.3098e+00 5.1960e+00 -5.2154e+00 4.7685e+00 -4.6002e+00
1.0000e+02 6.4568e+00 -5.7939e+00 6.6547e+00 -5.6555e+00 6.6103e+00 -6.5137e+00
1.1000e+02 7.7839e+00 -8.6931e+00 7.5731e+00 -8.7466e+00 7.6595e+00 -7.3794e+00
1.2000e+02 8.8225e+00 -8.7022e+00 8.7622e+00 -8.5430e+00 9.3837e+00 -1.2516e+01
1.3000e+02 9.7152e+00 -9.2769e+00 9.5358e+00 -9.0141e+00 1.4070e+01 -9.9428e+00
1.4000e+02 9.3802e+00 -1.0974e+01 8.8109e+00 -1.1033e+01 1.1020e+01 -1.1618e+01
1.5000e+02 1.0197e+01 -1.0717e+01 9.8564e+00 -1.0387e+01 1.3742e+01 -1.3268e+01
1.6000e+02 1.0762e+01 -1.0519e+01 1.1177e+01 -1.0345e+01 1.6363e+01 -1.4737e+01
1.7000e+02 8.1575e+00 -8.2961e+00 8.5677e+00 -8.2511e+00 1.5153e+01 -1.1712e+01
1.8000e+02 9.2884e+00 -9.3332e+00 9.2637e+00 -9.0934e+00 1.1585e+01 -1.2532e+01
1.9000e+02 9.2214e+00 -9.1633e+00 9.2487e+00 -9.2199e+00 1.1022e+01 -1.1904e+01
2.0000e+02 9.7481e+00 -9.0744e+00 9.7199e+00 -8.9581e+00 1.3284e+01 -1.2895e+01
2.1000e+02 8.2663e+00 -9.3024e+00 8.2749e+00 -9.1929e+00 1.0002e+01 -1.2717e+01
2.2000e+02 9.0260e+00 -9.2735e+00 8.9357e+00 -8.9819e+00 1.1032e+01 -1.1638e+01
2.3000e+02 8.3986e+00 -8.6124e+00 8.3024e+00 -8.5045e+00 1.2731e+01 -1.2483e+01
2.4000e+02 8.8384e+00 -7.6785e+00 8.5511e+00 -7.3626e+00 1.1943e+01 -1.0451e+01
2.5000e+02 8.1748e+00 -8.4609e+00 7.8263e+00 -8.6299e+00 1.1409e+01 -1.1876e+01
2.6000e+02 9.0345e+00 -1.0861e+01 8.7715e+00 -1.0795e+01 1.3653e+01 -1.0439e+01
2.7000e+02 1.1853e+01 -1.1496e+01 1.1464e+01 -1.1338e+01 1.4379e+01 -1.0882e+01
2.8000e+02 9.2305e+00 -9.0617e+00 9.0514e+00 -9.3297e+00 1.1576e+01 -1.2399e+01
2.9000e+02 1.0500e+01 -8.3471e+00 1.0156e+01 -8.0329e+00 1.2000e+01 -1.1184e+01
3.0000e+02 1.0554e+01 -9.8801e+00 1.0497e+01 -9.9590e+00 1.1717e+01 -1.2569e+01
3.1000e+02 8.2269e+00 -9.3967e+00 7.8670e+00 -9.5514e+00 1.4214e+01 -1.5530e+01
3.2000e+02 8.6813e+00 -1.0177e+01 8.8884e+00 -9.7396e+00 1.3051e+01 -1.4452e+01
3.3000e+02 8.9758e+00 -9.0924e+00 8.3439e+00 -9.0513e+00 1.1514e+01 -1.6051e+01
3.4000e+02 1.0348e+01 -8.0479e+00 1.0108e+01 -7.8284e+00 1.1404e+01 -1.1137e+01
3.5000e+02 9.5371e+00 -9.4063e+00 9.1386e+00 -9.5391e+00 1.2192e+01 -1.4488e+01
3.6000e+02 7.4448e+00 -8.2336e+00 6.9736e+00 -8.2777e+00 1.2958e+01 -1.4097e+01
3.7000e+02 8.7301e+00 -8.8906e+00 8.4354e+00 -8.9539e+00 1.3221e+01 -1.1900e+01
3.8000e+02 8.9222e+00 -1.0008e+01 8.7530e+00 -9.8713e+00 1.1734e+01 -1.1928e+01
3.9000e+02 8.0484e+00 -9.6481e+00 8.1592e+00 -9.4491e+00 1.1564e+01 -1.2325e+01
4.0000e+02 7.0503e+00 -8.7086e+00 6.9266e+00 -8.3677e+00 1.2496e+01 -1.0935e+01
4.1000e+02 7.8242e+00 -9.2064e+00 7.7113e+00 -7.7983e+00 1.1440e+01 -1.2465e+01
4.2000e+02 7.9000e+00 -9.2750e+00 7.6259e+00 -9.0432e+00 1.3550e+01 -1.0584e+01
4.3000e+02 7.9155e+00 -9.3738e+00 7.7095e+00 -8.8167e+00 1.3161e+01 -1.2195e+01
4.4000e+02 8.8552e+00 -7.9370e+00 8.7933e+00 -7.7134e+00 1.0626e+01 -1.2655e+01
4.5000e+02 9.7942e+00 -8.3407e+00 9.5556e+00 -7.9049e+00 9.6597e+00 -1.2239e+01
4.6000e+02 8.6464e+00 -8.7889e+00 7.9254e+00 -8.5614e+00 1.1813e+01 -1.2033e+01
4.7000e+02 8.8063e+00 -9.0234e+00 7.8141e+00 -8.7337e+00 1.4382e+01 -1.1533e+01
4.8000e+02 8.4312e+00 -9.5246e+00 7.7050e+00 -8.9652e+00 1.1414e+01 -1.2890e+01
4.9000e+02 6.7312e+00 -9.8360e+00 6.6419e+00 -9.5005e+00 1.0708e+01 -9.7653e+00
5.0000e+02 9.3431e+00 -9.6643e+00 9.1225e+00 -9.6135e+00 1.1495e+01 -1.1144e+01
5.1000e+02 9.2876e+00 -9.0061e+00 9.7734e+00 -8.5202e+00 1.0488e+01 -1.2436e+01
5.2000e+02 9.9403e+00 -9.3936e+00 9.7977e+00 -8.9958e+00 1.3398e+01 -1.2662e+01
5.3000e+02 8.5678e+00 -8.3287e+00 8.6246e+00 -9.1106e+00 1.6037e+01 -1.1565e+01
5.4000e+02 8.5978e+00 -9.3310e+00 8.7718e+00 -9.2346e+00 1.4019e+01 -1.0233e+01
5.5000e+02 9.0143e+00 -8.5529e+00 8.8372e+00 -8.5538e+00 1.0497e+01 -1.2362e+01
5.6000e+02 9.8018e+00 -9.1394e+00 9.2107e+00 -8.9798e+00 1.2398e+01 -1.4437e+01
5.7000e+02 8.8048e+00 -8.3504e+00 8.5392e+00 -8.3050e+00 1.2297e+01 -1.3510e+01
5.8000e+02 8.0163e+00 -7.7571e+00 8.0545e+00 -8.0539e+00 1.0962e+01 -1.0609e+01
5.9000e+02 8.9048e+00 -9.1270e+00 8.0433e+00 -9.0729e+00 1.3223e+01 -1.1578e+01
6.0000e+02 8.6454e+00 -9.0184e+00 8.9355e+00 -8.9698e+00 1.1313e+01 -9.9323e+00
6.1000e+02 8.0558e+00 -1.0279e+01 7.6616e+00 -1.0550e+01 1.3321e+01 -1.0329e+01
6.2000e+02 1.0417e+01 -7.8783e+00 1.0478e+01 -7.8251e+00 1.0398e+01 -1.1162e+01
6.3000e+02 9.9829e+00 -7.9835e+00 9.9107e+00 -8.1256e+00 1.0313e+01 -1.4695e+01
6.4000e+02 9.5003e+00 -8.2542e+00 9.2245e+00 -8.0787e+00 1.1417e+01 -1.1115e+01
6.5000e+02 8.7010e+00 -1.0097e+01 8.7003e+00 -1.0214e+01 1.4168e+01 -1.3313e+01
6.6000e+02 8.8321e+00 -1.1387e+01 8.7820e+00 -1.1283e+01 1.3031e+01 -1.2818e+01
6.7000e+02 8.4973e+00 -9.9448e+00 8.6476e+00 -9.6629e+00 1.1527e+01 -1.3140e+01
6.8000e+02 8.0306e+00 -8.7988e+00 7.8154e+00 -8.1563e+00 1.1340e+01 -1.1953e+01
6.9000e+02 9.2051e+00 -9.8443e+00 9.2659e+00 -9.9735e+00 1.0279e+01 -1.5432e+01
7.0000e+02 1.0396e+01 -1.2829e+01 1.0124e+01 -1.2527e+01 1.1913e+01 -1.3151e+01
7.1000e+02 9.6817e+00 -1.1030e+01 9.6572e+00 -1.0750e+01 1.5304e+01 -1.2627e+01
7.2000e+02 8.3539e+00 -8.4286e+00 8.3431e+00 -8.3395e+00 1.5166e+01 -1.0462e+01
7.3000e+02 9.8726e+00 -9.3374e+00 9.7431e+00 -9.0458e+00 1.1579e+01 -1.1298e+01
7.4000e+02 1.0099e+01 -8.5681e+00 1.0127e+01 -8.3203e+00 1.2723e+01 -1.0811e+01
7.5000e+02 9.7750e+00 -9.6201e+00 8.7938e+00 -8.8906e+00 1.2462e+01 -1.2474e+01
7.6000e+02 1.0887e+01 -8.7734e+00 1.0769e+01 -8.7353e+00 1.2447e+01 -1.0389e+01
7.7000e+02 1.0530e+01 -9.0702e+00 1.0364e+01 -9.0765e+00 1.3629e+01 -1.0356e+01
7.8000e+02 9.7579e+00 -9.0362e+00 1.0063e+01 -9.2542e+00 1.2479e+01 -1.2820e+01
7.9000e+02 8.5882e+00 -9.9504e+00 8.3343e+00 -9.8356e+00 1.2149e+01 -1.3955e+01
8.0000e+02 8.8957e+00 -1.0838e+01 8.6996e+00 -1.0401e+01 1.1542e+01 -1.1800e+01
8.1000e+02 9.3196e+00 -1.0718e+01 9.3191e+00 -1.0759e+01 1.1671e+01 -1.3775e+01
8.2000e+02 8.0804e+00 -1.1383e+01 8.0347e+00 -1.1095e+01 1.0170e+01 -1.1124e+01
8.3000e+02 9.9534e+00 -9.0656e+00 9.9454e+00 -8.5105e+00 1.0785e+01 -1.0566e+01
8.4000e+02 9.5925e+00 -9.1055e+00 9.5744e+00 -8.5152e+00 1.2061e+01 -1.0446e+01
8.5000e+02 1.0463e+01 -8.1336e+00 1.0520e+01 -8.0825e+00 1.1227e+01 -1.3477e+01
8.6000e+02 8.5254e+00 -7.6056e+00 8.6481e+00 -7.6938e+00 1.1328e+01 -1.4498e+01
8.7000e+02 8.3858e+00 -9.6311e+00 8.3300e+00 -9.4115e+00 1.0638e+01 -1.1612e+01
8.8000e+02 1.0058e+01 -9.5479e+00 9.9912e+00 -9.3481e+00 1.4207e+01 -1.1339e+01
8.9000e+02 1.1109e+01 -8.9606e+00 1.1224e+01 -8.8360e+00 1.1991e+01 -1.2070e+01
9.0000e+02 9.7244e+00 -1.1092e+01 9.2058e+00 -1.1255e+01 1.2380e+01 -1.1982e+01
9.1000e+02 9.8669e+00 -1.1907e+01 1.0094e+01 -1.1828e+01 1.0659e+01 -1.3527e+01
9.2000e+02 9.4959e+00 -1.1064e+01 9.1449e+00 -1.0925e+01 1.0327e+01 -1.2236e+01
9.3000e+02 1.1442e+01 -9.6856e+00 1.1272e+01 -9.8034e+00 1.1304e+01 -1.0998e+01
9.4000e+02 8.7641e+00 -1.1435e+01 8.4830e+00 -1.1242e+01 1.3774e+01 -1.0544e+01
9.5000e+02 1.0970e+01 -9.6757e+00 1.1182e+01 -9.6037e+00 1.3933e+01 -1.0468e+01
9.6000e+02 9.6084e+00 -9.6592e+00 9.3723e+00 -9.9554e+00 1.5858e+01 -1.3239e+01
9.7000e+02 1.0218e+01 -8.4181e+00 1.0101e+01 -8.7114e+00 1.3351e+01 -1.2327e+01
9.8000e+02 1.0882e+01 -8.3665e+00 1.0699e+01 -8.6175e+00 1.1709e+01 -1.1615e+01
9.9000e+02 1.1177e+01 -9.0785e+00 1.0811e+01 -9.2651e+00 1.0570e+01 -1.3986e+01
1.0000e+03 7.4354e+00 -8.0748e+00 7.0743e+00 -7.7559e+00 1.1946e+01 -1.1813e+01
