2.0000e+02 9.5443e+08
2.0100e+02 9.5309e+08
2.0200e+02 9.5249e+08
2.0300e+02 9.5369e+08
2.0400e+02 9.5697e+08
2.0500e+02 9.6044e+08
2.0600e+02 9.6281e+08
2.0700e+02 9.6461e+08
2.0800e+02 9.6589e+08
2.0900e+02 9.6715e+08
2.1000e+02 9.6878e+08
2.1100e+02 9.6957e+08
2.1200e+02 9.6902e+08
2.1300e+02 9.6833e+08
2.1400e+02 9.6861e+08
2.1500e+02 9.7020e+08
2.1600e+02 9.7286e+08
2.1700e+02 9.7529e+08
2.1800e+02 9.7649e+08
2.1900e+02 9.7620e+08
2.2000e+02 9.7536e+08
2.2100e+02 9.7547e+08
2.2200e+02 9.7646e+08
2.2300e+02 9.7742e+08
2.2400e+02 9.7747e+08
2.2500e+02 9.7612e+08
2.2600e+02 9.7343e+08
2.2700e+02 9.7036e+08
2.2800e+02 9.6803e+08
2.2900e+02 9.6649e+08
2.3000e+02 9.6590e+08
2.3100e+02 9.6704e+08
2.3200e+02 9.6966e+08
2.3300e+02 9.7204e+08
2.3400e+02 9.7355e+08
2.3500e+02 9.7500e+08
2.3600e+02 9.7651e+08
2.3700e+02 9.7774e+08
2.3800e+02 9.7845e+08
2.3900e+02 9.7823e+08
2.4000e+02 9.7681e+08
2.4100e+02 9.7489e+08
2.4200e+02 9.7384e+08
2.4300e+02 9.7425e+08
2.4400e+02 9.7520e+08
2.4500e+02 9.7521e+08
2.4600e+02 9.7429e+08
2.4700e+02 9.7382e+08
2.4800e+02 9.7450e+08
2.4900e+02 9.7607e+08
2.5000e+02 9.7813e+08
2.5100e+02 9.8012e+08
2.5200e+02 9.8187e+08
2.5300e+02 9.8377e+08
2.5400e+02 9.8596e+08
2.5500e+02 9.8826e+08
2.5600e+02 9.9042e+08
2.5700e+02 9.9205e+08
2.5800e+02 9.9288e+08
2.5900e+02 9.9301e+08
2.6000e+02 9.9295e+08
2.6100e+02 9.9344e+08
2.6200e+02 9.9466e+08
2.6300e+02 9.9611e+08
2.6400e+02 9.9733e+08
2.6500e+02 9.9813e+08
2.6600e+02 9.9784e+08
2.6700e+02 9.9679e+08
2.6800e+02 9.9640e+08
2.6900e+02 9.9756e+08
2.7000e+02 9.9954e+08
2.7100e+02 1.0017e+09
2.7200e+02 1.0037e+09
2.7300e+02 1.0054e+09
2.7400e+02 1.0058e+09
2.7500e+02 1.0045e+09
2.7600e+02 1.0028e+09
2.7700e+02 1.0018e+09
2.7800e+02 1.0018e+09
2.7900e+02 1.0020e+09
2.8000e+02 1.0024e+09
2.8100e+02 1.0030e+09
2.8200e+02 1.0035e+09
2.8300e+02 1.0038e+09
2.8400e+02 1.0044e+09
2.8500e+02 1.0055e+09
2.8600e+02 1.0064e+09
2.8700e+02 1.0066e+09
2.8800e+02 1.0059e+09
2.8900e+02 1.0045e+09
2.9000e+02 1.0035e+09
2.9100e+02 1.0036e+09
2.9200e+02 1.0044e+09
2.9300e+02 1.0054e+09
2.9400e+02 1.0059e+09
2.9500e+02 1.0059e+09
2.9600e+02 1.0063e+09
2.9700e+02 1.0072e+09
2.9800e+02 1.0085e+09
2.9900e+02 1.0096e+09
3.0000e+02 1.0105e+09
3.0100e+02 1.0114e+09
3.0200e+02 1.0119e+09
3.0300e+02 1.0117e+09
3.0400e+02 1.0110e+09
3.0500e+02 1.0104e+09
3.0600e+02 1.0101e+09
3.0700e+02 1.0098e+09
3.0800e+02 1.0094e+09
3.0900e+02 1.0088e+09
3.1000e+02 1.0083e+09
3.1100e+02 1.0082e+09
3.1200e+02 1.0086e+09
3.1300e+02 1.0095e+09
3.1400e+02 1.0106e+09
3.1500e+02 1.0111e+09
3.1600e+02 1.0110e+09
3.1700e+02 1.0106e+09
3.1800e+02 1.0108e+09
3.1900e+02 1.0119e+09
3.2000e+02 1.0134e+09
3.2100e+02 1.0144e+09
3.2200e+02 1.0149e+09
3.2300e+02 1.0154e+09
3.2400e+02 1.0164e+09
3.2500e+02 1.0172e+09
3.2600e+02 1.0167e+09
3.2700e+02 1.0151e+09
3.2800e+02 1.0133e+09
3.2900e+02 1.0118e+09
3.3000e+02 1.0109e+09
3.3100e+02 1.0107e+09
3.3200e+02 1.0110e+09
3.3300e+02 1.0120e+09
3.3400e+02 1.0133e+09
3.3500e+02 1.0147e+09
3.3600e+02 1.0158e+09
3.3700e+02 1.0168e+09
3.3800e+02 1.0179e+09
3.3900e+02 1.0189e+09
3.4000e+02 1.0192e+09
3.4100e+02 1.0192e+09
3.4200e+02 1.0193e+09
3.4300e+02 1.0196e+09
3.4400e+02 1.0194e+09
3.4500e+02 1.0189e+09
3.4600e+02 1.0185e+09
3.4700e+02 1.0183e+09
3.4800e+02 1.0182e+09
3.4900e+02 1.0180e+09
3.5000e+02 1.0178e+09
3.5100e+02 1.0173e+09
3.5200e+02 1.0167e+09
3.5300e+02 1.0165e+09
3.5400e+02 1.0169e+09
3.5500e+02 1.0179e+09
3.5600e+02 1.0188e+09
3.5700e+02 1.0197e+09
3.5800e+02 1.0204e+09
3.5900e+02 1.0213e+09
3.6000e+02 1.0224e+09
3.6100e+02 1.0234e+09
3.6200e+02 1.0236e+09
3.6300e+02 1.0230e+09
3.6400e+02 1.0219e+09
3.6500e+02 1.0207e+09
3.6600e+02 1.0196e+09
3.6700e+02 1.0193e+09
3.6800e+02 1.0195e+09
3.6900e+02 1.0195e+09
3.7000e+02 1.0190e+09
3.7100e+02 1.0181e+09
3.7200e+02 1.0169e+09
3.7300e+02 1.0158e+09
3.7400e+02 1.0151e+09
3.7500e+02 1.0149e+09
3.7600e+02 1.0149e+09
3.7700e+02 1.0151e+09
3.7800e+02 1.0151e+09
3.7900e+02 1.0149e+09
3.8000e+02 1.0144e+09
3.8100e+02 1.0135e+09
3.8200e+02 1.0125e+09
3.8300e+02 1.0120e+09
3.8400e+02 1.0122e+09
3.8500e+02 1.0128e+09
3.8600e+02 1.0133e+09
3.8700e+02 1.0140e+09
3.8800e+02 1.0147e+09
3.8900e+02 1.0152e+09
3.9000e+02 1.0159e+09
3.9100e+02 1.0164e+09
3.9200e+02 1.0164e+09
3.9300e+02 1.0158e+09
3.9400e+02 1.0148e+09
3.9500e+02 1.0138e+09
3.9600e+02 1.0133e+09
3.9700e+02 1.0137e+09
3.9800e+02 1.0149e+09
3.9900e+02 1.0161e+09
4.0000e+02 1.0169e+09
