2.0000e+02 4.8951e+00 -3.9968e+00 9.5287e+00 -1.0044e+01 4.4202e+00 -5.5728e+00
2.0100e+02 4.9662e+00 -4.0356e+00 9.6177e+00 -1.0018e+01 4.5258e+00 -5.4611e+00
2.0200e+02 5.0115e+00 -4.0086e+00 9.6241e+00 -9.9287e+00 4.5581e+00 -5.3004e+00
2.0300e+02 5.0391e+00 -3.9433e+00 9.5901e+00 -9.8375e+00 4.5330e+00 -5.1555e+00
2.0400e+02 4.9972e+00 -3.8504e+00 9.5675e+00 -9.8233e+00 4.4696e+00 -5.0522e+00
2.0500e+02 4.9533e+00 -3.7901e+00 9.6282e+00 -9.8842e+00 4.5509e+00 -4.9493e+00
2.0600e+02 4.9508e+00 -3.8470e+00 9.7611e+00 -9.9949e+00 4.6249e+00 -4.9061e+00
2.0700e+02 4.9482e+00 -3.9652e+00 9.9443e+00 -1.0096e+01 4.6439e+00 -4.8674e+00
2.0800e+02 4.9788e+00 -4.0279e+00 1.0126e+01 -1.0104e+01 4.5891e+00 -4.7152e+00
2.0900e+02 4.9725e+00 -3.9441e+00 1.0259e+01 -1.0046e+01 4.6625e+00 -4.6730e+00
2.1000e+02 4.9175e+00 -3.8899e+00 1.0324e+01 -9.9215e+00 4.7180e+00 -4.6558e+00
2.1100e+02 4.8756e+00 -3.7920e+00 1.0346e+01 -9.8067e+00 4.7019e+00 -4.7330e+00
2.1200e+02 4.8878e+00 -3.6033e+00 1.0416e+01 -9.7241e+00 4.6620e+00 -4.6810e+00
2.1300e+02 4.9652e+00 -3.5884e+00 1.0557e+01 -9.7640e+00 4.5762e+00 -4.5452e+00
2.1400e+02 5.0980e+00 -3.7236e+00 1.0669e+01 -9.8586e+00 4.5240e+00 -4.3906e+00
2.1500e+02 5.2213e+00 -3.8310e+00 1.0683e+01 -9.8945e+00 4.4529e+00 -4.3459e+00
2.1600e+02 5.2315e+00 -3.7146e+00 1.0609e+01 -9.7674e+00 4.3840e+00 -4.3091e+00
2.1700e+02 5.1315e+00 -3.5209e+00 1.0527e+01 -9.6196e+00 4.3347e+00 -4.2687e+00
2.1800e+02 5.0436e+00 -3.3524e+00 1.0541e+01 -9.6388e+00 4.3301e+00 -4.2030e+00
2.1900e+02 5.1042e+00 -3.4018e+00 1.0621e+01 -9.6900e+00 4.2712e+00 -4.1746e+00
2.2000e+02 5.2210e+00 -3.4001e+00 1.0666e+01 -9.6638e+00 4.1922e+00 -4.1864e+00
2.2100e+02 5.2144e+00 -3.3009e+00 1.0591e+01 -9.7156e+00 4.1761e+00 -4.3060e+00
2.2200e+02 5.1455e+00 -3.3677e+00 1.0550e+01 -9.8545e+00 4.1735e+00 -4.4837e+00
2.2300e+02 5.0924e+00 -3.4733e+00 1.0546e+01 -9.8960e+00 4.1267e+00 -4.6275e+00
2.2400e+02 5.0766e+00 -3.5246e+00 1.0555e+01 -9.8681e+00 4.0879e+00 -4.7077e+00
2.2500e+02 5.0703e+00 -3.5437e+00 1.0528e+01 -9.8833e+00 4.0415e+00 -4.7337e+00
2.2600e+02 4.8768e+00 -3.5897e+00 1.0312e+01 -9.9180e+00 3.9661e+00 -4.7949e+00
2.2700e+02 4.5373e+00 -3.6420e+00 1.0064e+01 -9.9317e+00 3.8750e+00 -5.0075e+00
2.2800e+02 4.3167e+00 -3.6688e+00 1.0044e+01 -9.8916e+00 3.7613e+00 -5.1908e+00
2.2900e+02 4.3028e+00 -3.5824e+00 1.0108e+01 -9.7942e+00 3.7245e+00 -5.1949e+00
2.3000e+02 4.5659e+00 -3.4198e+00 1.0130e+01 -9.6849e+00 3.7658e+00 -4.9703e+00
2.3100e+02 4.6566e+00 -3.2447e+00 1.0089e+01 -9.6260e+00 3.7750e+00 -4.7239e+00
2.3200e+02 4.5649e+00 -3.0999e+00 9.9804e+00 -9.6080e+00 3.7435e+00 -4.5801e+00
2.3300e+02 4.4421e+00 -3.0033e+00 9.8541e+00 -9.6270e+00 3.6667e+00 -4.5810e+00
2.3400e+02 4.3368e+00 -3.0016e+00 9.8217e+00 -9.6982e+00 3.6270e+00 -4.6343e+00
2.3500e+02 4.3689e+00 -3.1127e+00 9.9407e+00 -9.8097e+00 3.5885e+00 -4.6550e+00
2.3600e+02 4.4839e+00 -3.2323e+00 1.0112e+01 -9.8893e+00 3.6508e+00 -4.6105e+00
2.3700e+02 4.5267e+00 -3.3359e+00 1.0113e+01 -9.9032e+00 3.8662e+00 -4.6009e+00
2.3800e+02 4.3760e+00 -3.3404e+00 9.9179e+00 -9.8759e+00 3.8842e+00 -4.7537e+00
2.3900e+02 4.1221e+00 -3.3291e+00 9.7458e+00 -9.8741e+00 3.8833e+00 -5.0945e+00
2.4000e+02 3.9803e+00 -3.3958e+00 9.7659e+00 -9.9324e+00 3.9086e+00 -5.3343e+00
2.4100e+02 4.0345e+00 -3.5159e+00 9.9271e+00 -1.0005e+01 3.9106e+00 -5.3728e+00
2.4200e+02 4.1742e+00 -3.5916e+00 1.0095e+01 -9.9762e+00 3.8474e+00 -5.3240e+00
2.4300e+02 4.2565e+00 -3.5740e+00 1.0168e+01 -9.8609e+00 3.8537e+00 -5.1572e+00
2.4400e+02 4.2644e+00 -3.5031e+00 1.0173e+01 -9.7925e+00 3.8316e+00 -5.0365e+00
2.4500e+02 4.1740e+00 -3.4386e+00 1.0078e+01 -9.8068e+00 3.8582e+00 -4.9423e+00
2.4600e+02 4.0896e+00 -3.4147e+00 9.9785e+00 -9.8238e+00 3.7913e+00 -4.8730e+00
2.4700e+02 4.1653e+00 -3.4238e+00 9.9057e+00 -9.7786e+00 3.5808e+00 -4.8632e+00
2.4800e+02 4.0586e+00 -3.4280e+00 9.7396e+00 -9.7647e+00 3.4206e+00 -4.9130e+00
2.4900e+02 3.7832e+00 -3.3997e+00 9.5503e+00 -9.7480e+00 3.2622e+00 -5.0090e+00
2.5000e+02 3.5051e+00 -3.2812e+00 9.4927e+00 -9.6712e+00 3.1518e+00 -5.0910e+00
2.5100e+02 3.4807e+00 -3.2033e+00 9.5991e+00 -9.6650e+00 3.1282e+00 -5.0587e+00
2.5200e+02 3.6070e+00 -3.2285e+00 9.7808e+00 -9.7367e+00 3.1149e+00 -5.0165e+00
2.5300e+02 3.7239e+00 -3.2840e+00 9.9370e+00 -9.7957e+00 3.0674e+00 -4.9445e+00
2.5400e+02 3.8165e+00 -3.3810e+00 1.0034e+01 -9.8283e+00 3.0290e+00 -4.8051e+00
2.5500e+02 3.8684e+00 -3.4376e+00 1.0097e+01 -9.7945e+00 3.0313e+00 -4.7263e+00
2.5600e+02 3.8390e+00 -3.3357e+00 1.0005e+01 -9.6743e+00 3.1220e+00 -4.7127e+00
2.5700e+02 3.6185e+00 -3.1562e+00 9.8154e+00 -9.5470e+00 3.1766e+00 -4.8108e+00
2.5800e+02 3.4216e+00 -2.9948e+00 9.7517e+00 -9.4332e+00 3.2040e+00 -4.8289e+00
2.5900e+02 3.3887e+00 -2.8748e+00 9.8196e+00 -9.3701e+00 3.1892e+00 -4.9314e+00
2.6000e+02 3.5172e+00 -2.8456e+00 9.9659e+00 -9.3529e+00 3.0462e+00 -4.9014e+00
2.6100e+02 3.6954e+00 -2.8978e+00 1.0071e+01 -9.3961e+00 2.9819e+00 -4.7747e+00
2.6200e+02 3.7608e+00 -2.9874e+00 1.0084e+01 -9.4929e+00 2.9233e+00 -4.6821e+00
2.6300e+02 3.7697e+00 -3.0974e+00 1.0089e+01 -9.5968e+00 2.8660e+00 -4.5970e+00
2.6400e+02 3.8122e+00 -3.1989e+00 1.0133e+01 -9.6627e+00 2.7872e+00 -4.5829e+00
2.6500e+02 3.8812e+00 -3.2781e+00 1.0111e+01 -9.6796e+00 2.7258e+00 -4.6080e+00
2.6600e+02 3.8313e+00 -3.3054e+00 1.0030e+01 -9.6734e+00 2.6847e+00 -4.6136e+00
2.6700e+02 3.7673e+00 -3.3284e+00 1.0040e+01 -9.6981e+00 2.6456e+00 -4.5724e+00
2.6800e+02 3.8035e+00 -3.3682e+00 1.0132e+01 -9.7228e+00 2.6875e+00 -4.4634e+00
2.6900e+02 3.9168e+00 -3.3787e+00 1.0184e+01 -9.6458e+00 3.0179e+00 -4.3454e+00
2.7000e+02 3.8751e+00 -3.3291e+00 1.0150e+01 -9.5779e+00 3.0472e+00 -4.2439e+00
2.7100e+02 3.7848e+00 -3.2880e+00 1.0100e+01 -9.5766e+00 2.9068e+00 -4.2228e+00
2.7200e+02 3.7444e+00 -3.2614e+00 1.0085e+01 -9.5511e+00 2.7056e+00 -4.2241e+00
2.7300e+02 3.7387e+00 -3.2563e+00 1.0057e+01 -9.5318e+00 2.8483e+00 -4.2341e+00
2.7400e+02 3.6600e+00 -3.2253e+00 9.9461e+00 -9.5401e+00 2.9640e+00 -4.2812e+00
2.7500e+02 3.4940e+00 -3.1951e+00 9.8573e+00 -9.5540e+00 3.1041e+00 -4.3918e+00
2.7600e+02 3.4693e+00 -3.2049e+00 9.8723e+00 -9.5617e+00 3.1696e+00 -4.3825e+00
2.7700e+02 3.5580e+00 -3.2383e+00 9.9887e+00 -9.5682e+00 3.1967e+00 -4.3624e+00
2.7800e+02 3.7443e+00 -3.2510e+00 1.0107e+01 -9.5653e+00 3.1909e+00 -4.3241e+00
2.7900e+02 3.8673e+00 -3.2186e+00 1.0093e+01 -9.5558e+00 2.9874e+00 -4.2787e+00
2.8000e+02 3.8174e+00 -3.1952e+00 9.9659e+00 -9.5439e+00 2.7751e+00 -4.3223e+00
2.8100e+02 3.6437e+00 -3.1868e+00 9.8510e+00 -9.5360e+00 2.7308e+00 -4.3821e+00
2.8200e+02 3.5301e+00 -3.1728e+00 9.8318e+00 -9.5320e+00 2.7128e+00 -4.4075e+00
2.8300e+02 3.5525e+00 -3.1384e+00 9.8845e+00 -9.5305e+00 2.6610e+00 -4.3897e+00
2.8400e+02 3.6713e+00 -3.0840e+00 9.9408e+00 -9.5100e+00 2.5617e+00 -4.3076e+00
2.8500e+02 3.7648e+00 -3.0145e+00 9.9674e+00 -9.4535e+00 2.5161e+00 -4.2117e+00
2.8600e+02 3.7930e+00 -2.9584e+00 9.9630e+00 -9.4306e+00 2.5195e+00 -4.1608e+00
2.8700e+02 3.7771e+00 -2.9518e+00 9.9721e+00 -9.4720e+00 2.5275e+00 -4.1294e+00
2.8800e+02 3.7519e+00 -2.9840e+00 9.9904e+00 -9.5160e+00 2.5592e+00 -4.0929e+00
2.8900e+02 3.7661e+00 -3.0173e+00 1.0019e+01 -9.5370e+00 2.6119e+00 -4.0428e+00
2.9000e+02 3.7956e+00 -3.0449e+00 1.0028e+01 -9.5276e+00 2.7995e+00 -4.0083e+00
2.9100e+02 3.8067e+00 -3.0782e+00 9.9965e+00 -9.5218e+00 2.9021e+00 -4.0210e+00
2.9200e+02 3.7705e+00 -3.1220e+00 9.9518e+00 -9.5095e+00 2.7871e+00 -4.0458e+00
2.9300e+02 3.7247e+00 -3.0943e+00 9.9012e+00 -9.4815e+00 2.4787e+00 -4.1093e+00
2.9400e+02 3.7210e+00 -3.0407e+00 9.8747e+00 -9.4815e+00 2.4928e+00 -4.1859e+00
2.9500e+02 3.7181e+00 -3.0059e+00 9.9083e+00 -9.4785e+00 2.7626e+00 -4.2250e+00
2.9600e+02 3.8134e+00 -2.9878e+00 9.9890e+00 -9.4783e+00 2.7619e+00 -4.1374e+00
2.9700e+02 3.9469e+00 -2.9631e+00 1.0037e+01 -9.4709e+00 2.4889e+00 -4.0222e+00
2.9800e+02 3.9979e+00 -2.9195e+00 9.9922e+00 -9.4701e+00 2.5361e+00 -3.9629e+00
2.9900e+02 3.9096e+00 -2.9027e+00 9.8820e+00 -9.4694e+00 2.7356e+00 -4.0322e+00
3.0000e+02 3.8052e+00 -2.9019e+00 9.7998e+00 -9.4632e+00 2.8696e+00 -4.1213e+00
3.0100e+02 3.7315e+00 -2.8936e+00 9.7484e+00 -9.4596e+00 2.8563e+00 -4.2032e+00
3.0200e+02 3.7132e+00 -2.8750e+00 9.7262e+00 -9.4667e+00 2.7482e+00 -4.3410e+00
3.0300e+02 3.7143e+00 -2.8760e+00 9.7525e+00 -9.4686e+00 2.5412e+00 -4.3981e+00
3.0400e+02 3.7705e+00 -2.8677e+00 9.8129e+00 -9.4447e+00 2.4086e+00 -4.3304e+00
3.0500e+02 3.8192e+00 -2.8493e+00 9.8285e+00 -9.4211e+00 2.4552e+00 -4.2139e+00
3.0600e+02 3.7097e+00 -2.8609e+00 9.7358e+00 -9.4336e+00 2.5228e+00 -4.2124e+00
3.0700e+02 3.5836e+00 -2.8812e+00 9.5830e+00 -9.4629e+00 2.5244e+00 -4.3204e+00
3.0800e+02 3.4891e+00 -2.9066e+00 9.5168e+00 -9.4972e+00 2.5509e+00 -4.4531e+00
3.0900e+02 3.4848e+00 -2.9496e+00 9.5517e+00 -9.5309e+00 2.7581e+00 -4.4854e+00
3.1000e+02 3.5947e+00 -3.0216e+00 9.6276e+00 -9.5712e+00 2.9021e+00 -4.5268e+00
3.1100e+02 3.7338e+00 -3.0840e+00 9.6936e+00 -9.5852e+00 3.0332e+00 -4.4708e+00
3.1200e+02 3.8331e+00 -3.0982e+00 9.7316e+00 -9.5547e+00 3.0603e+00 -4.3939e+00
3.1300e+02 3.8688e+00 -3.0849e+00 9.7195e+00 -9.5119e+00 3.0180e+00 -4.3387e+00
3.1400e+02 3.8468e+00 -3.0764e+00 9.6356e+00 -9.4988e+00 2.9476e+00 -4.3232e+00
3.1500e+02 3.7589e+00 -3.0768e+00 9.5530e+00 -9.5052e+00 2.8112e+00 -4.3531e+00
3.1600e+02 3.7254e+00 -3.0421e+00 9.5626e+00 -9.5068e+00 2.7356e+00 -4.3640e+00
3.1700e+02 3.8134e+00 -2.9720e+00 9.6350e+00 -9.4965e+00 2.6867e+00 -4.3151e+00
3.1800e+02 3.9698e+00 -2.9170e+00 9.6210e+00 -9.4692e+00 2.7051e+00 -4.3809e+00
3.1900e+02 3.9827e+00 -2.8886e+00 9.3989e+00 -9.4377e+00 2.7762e+00 -4.6028e+00
3.2000e+02 3.7694e+00 -2.8543e+00 9.1827e+00 -9.4188e+00 2.9930e+00 -4.8466e+00
3.2100e+02 3.6271e+00 -2.8063e+00 9.1877e+00 -9.4218e+00 3.1619e+00 -4.9097e+00
3.2200e+02 3.6429e+00 -2.7990e+00 9.2784e+00 -9.4307e+00 3.2987e+00 -4.8736e+00
3.2300e+02 3.7858e+00 -2.8155e+00 9.2657e+00 -9.4339e+00 3.1068e+00 -4.8848e+00
3.2400e+02 3.8266e+00 -2.8194e+00 9.0871e+00 -9.4245e+00 2.8908e+00 -5.0388e+00
3.2500e+02 3.6756e+00 -2.8342e+00 8.8639e+00 -9.4259e+00 2.8788e+00 -5.1862e+00
3.2600e+02 3.4293e+00 -2.8622e+00 8.7283e+00 -9.4376e+00 2.7975e+00 -5.2665e+00
3.2700e+02 3.3262e+00 -2.8813e+00 8.7908e+00 -9.4579e+00 2.8130e+00 -5.3070e+00
3.2800e+02 3.3779e+00 -2.9050e+00 8.9779e+00 -9.4774e+00 2.8137e+00 -5.2656e+00
3.2900e+02 3.4837e+00 -2.9376e+00 9.1008e+00 -9.4921e+00 2.9299e+00 -5.1412e+00
3.3000e+02 3.5162e+00 -2.9726e+00 9.1213e+00 -9.5241e+00 3.0557e+00 -4.9503e+00
3.3100e+02 3.5210e+00 -3.0070e+00 9.0549e+00 -9.5464e+00 3.0189e+00 -4.8451e+00
3.3200e+02 3.4870e+00 -3.0288e+00 8.9238e+00 -9.5225e+00 2.9687e+00 -4.8597e+00
3.3300e+02 3.4172e+00 -3.0315e+00 8.7682e+00 -9.4665e+00 3.1281e+00 -4.9230e+00
3.3400e+02 3.2621e+00 -3.0550e+00 8.6880e+00 -9.4436e+00 3.0654e+00 -5.0067e+00
3.3500e+02 3.2666e+00 -3.0656e+00 8.7817e+00 -9.4408e+00 3.2106e+00 -4.9787e+00
3.3600e+02 3.3818e+00 -2.9751e+00 8.8585e+00 -9.4102e+00 3.0736e+00 -4.8939e+00
3.3700e+02 3.4701e+00 -2.8664e+00 8.8040e+00 -9.3693e+00 2.8414e+00 -4.8148e+00
3.3800e+02 3.5262e+00 -2.7883e+00 8.6889e+00 -9.3146e+00 2.9191e+00 -4.8153e+00
3.3900e+02 3.4932e+00 -2.7677e+00 8.5751e+00 -9.2731e+00 3.0346e+00 -4.8879e+00
3.4000e+02 3.4361e+00 -2.7555e+00 8.5103e+00 -9.2408e+00 3.2785e+00 -4.8912e+00
3.4100e+02 3.3976e+00 -2.7386e+00 8.5073e+00 -9.2443e+00 3.4564e+00 -4.8910e+00
3.4200e+02 3.3489e+00 -2.7192e+00 8.5364e+00 -9.2717e+00 3.5288e+00 -4.8480e+00
3.4300e+02 3.2983e+00 -2.6980e+00 8.5829e+00 -9.2975e+00 3.5371e+00 -4.7331e+00
3.4400e+02 3.2798e+00 -2.6937e+00 8.6439e+00 -9.3097e+00 3.5434e+00 -4.6338e+00
3.4500e+02 3.3041e+00 -2.7264e+00 8.6753e+00 -9.3343e+00 3.4932e+00 -4.5287e+00
3.4600e+02 3.3843e+00 -2.7681e+00 8.6472e+00 -9.3615e+00 3.3333e+00 -4.4419e+00
3.4700e+02 3.4464e+00 -2.7909e+00 8.5093e+00 -9.3702e+00 3.2642e+00 -4.3971e+00
3.4800e+02 3.4190e+00 -2.7904e+00 8.2605e+00 -9.3673e+00 3.2429e+00 -4.4784e+00
3.4900e+02 3.3037e+00 -2.8125e+00 7.9878e+00 -9.3709e+00 3.2673e+00 -4.5362e+00
3.5000e+02 3.1642e+00 -2.8384e+00 7.8040e+00 -9.3850e+00 3.4141e+00 -4.6333e+00
3.5100e+02 2.9926e+00 -2.8701e+00 7.7127e+00 -9.4213e+00 3.3732e+00 -4.7405e+00
3.5200e+02 2.7813e+00 -2.9111e+00 7.6605e+00 -9.4577e+00 3.1993e+00 -4.7754e+00
3.5300e+02 2.8175e+00 -2.9418e+00 7.6931e+00 -9.4607e+00 3.0990e+00 -4.7956e+00
3.5400e+02 2.7259e+00 -2.9502e+00 7.8173e+00 -9.4224e+00 2.9535e+00 -4.8113e+00
3.5500e+02 2.6888e+00 -2.9357e+00 8.0657e+00 -9.3656e+00 2.7743e+00 -4.6710e+00
3.5600e+02 2.6415e+00 -2.9057e+00 8.3039e+00 -9.3306e+00 2.7004e+00 -4.4498e+00
3.5700e+02 2.7835e+00 -2.8766e+00 8.3898e+00 -9.3337e+00 2.8697e+00 -4.2122e+00
3.5800e+02 2.9161e+00 -2.8602e+00 8.3192e+00 -9.3438e+00 2.9452e+00 -4.0618e+00
3.5900e+02 2.9380e+00 -2.8407e+00 8.1181e+00 -9.3046e+00 2.7918e+00 -4.0480e+00
3.6000e+02 2.8405e+00 -2.7437e+00 7.8878e+00 -9.2370e+00 2.8948e+00 -4.1070e+00
3.6100e+02 2.7388e+00 -2.6370e+00 7.7259e+00 -9.2047e+00 2.9576e+00 -4.1977e+00
3.6200e+02 2.7359e+00 -2.5826e+00 7.6717e+00 -9.2019e+00 2.9734e+00 -4.2234e+00
3.6300e+02 2.7669e+00 -2.5942e+00 7.6186e+00 -9.1963e+00 2.8663e+00 -4.2068e+00
3.6400e+02 2.7683e+00 -2.6162e+00 7.4821e+00 -9.1722e+00 2.6593e+00 -4.1736e+00
3.6500e+02 2.6925e+00 -2.6368e+00 7.3968e+00 -9.1670e+00 2.4546e+00 -4.1437e+00
3.6600e+02 2.6158e+00 -2.6542e+00 7.4869e+00 -9.1899e+00 2.4447e+00 -4.1559e+00
3.6700e+02 2.6516e+00 -2.6679e+00 7.4087e+00 -9.2118e+00 2.4458e+00 -4.1238e+00
3.6800e+02 2.6770e+00 -2.6771e+00 7.3675e+00 -9.2224e+00 2.4335e+00 -4.0224e+00
3.6900e+02 2.6903e+00 -2.7179e+00 7.4189e+00 -9.2362e+00 2.4207e+00 -3.9233e+00
3.7000e+02 2.8256e+00 -2.7778e+00 7.5521e+00 -9.2535e+00 2.4262e+00 -3.8394e+00
3.7100e+02 2.8664e+00 -2.8268e+00 7.7100e+00 -9.2748e+00 2.5115e+00 -3.7170e+00
3.7200e+02 2.7519e+00 -2.8680e+00 7.8121e+00 -9.3014e+00 2.5708e+00 -3.6354e+00
3.7300e+02 2.6379e+00 -2.9052e+00 7.8250e+00 -9.3291e+00 2.7601e+00 -3.5486e+00
3.7400e+02 2.5567e+00 -2.9226e+00 7.7922e+00 -9.3423e+00 2.5665e+00 -3.5318e+00
3.7500e+02 2.4776e+00 -2.9103e+00 7.8039e+00 -9.3066e+00 2.6363e+00 -3.4866e+00
3.7600e+02 2.4036e+00 -2.8591e+00 7.8905e+00 -9.1921e+00 2.6866e+00 -3.3748e+00
3.7700e+02 2.4248e+00 -2.7810e+00 7.9946e+00 -9.0821e+00 2.7010e+00 -3.2659e+00
3.7800e+02 2.4834e+00 -2.7206e+00 8.0316e+00 -9.0474e+00 2.6359e+00 -3.1121e+00
3.7900e+02 2.5674e+00 -2.6875e+00 7.9806e+00 -9.0581e+00 2.5917e+00 -2.9983e+00
3.8000e+02 2.6278e+00 -2.6765e+00 7.8824e+00 -9.0708e+00 2.7137e+00 -2.9411e+00
3.8100e+02 2.6179e+00 -2.6908e+00 7.8097e+00 -9.0838e+00 2.9026e+00 -2.8992e+00
3.8200e+02 2.5908e+00 -2.7028e+00 7.7464e+00 -9.0975e+00 2.8229e+00 -2.8728e+00
3.8300e+02 2.5960e+00 -2.7106e+00 7.6453e+00 -9.0984e+00 2.5183e+00 -2.8788e+00
3.8400e+02 2.5794e+00 -2.7126e+00 7.5879e+00 -9.0939e+00 2.3456e+00 -2.8974e+00
3.8500e+02 2.5112e+00 -2.7067e+00 7.5980e+00 -9.0882e+00 2.3442e+00 -2.8743e+00
3.8600e+02 2.4352e+00 -2.6931e+00 7.6270e+00 -9.0773e+00 2.3281e+00 -2.8215e+00
3.8700e+02 2.3719e+00 -2.6739e+00 7.6489e+00 -9.0694e+00 2.3093e+00 -2.7696e+00
3.8800e+02 2.3166e+00 -2.6702e+00 7.6941e+00 -9.0740e+00 2.4140e+00 -2.7017e+00
3.8900e+02 2.3205e+00 -2.7220e+00 7.7324e+00 -9.0860e+00 2.4944e+00 -2.6336e+00
3.9000e+02 2.4217e+00 -2.7331e+00 7.7173e+00 -9.0785e+00 2.5562e+00 -2.5864e+00
3.9100e+02 2.5007e+00 -2.6964e+00 7.6852e+00 -9.0873e+00 2.6010e+00 -2.5548e+00
3.9200e+02 2.5344e+00 -2.7127e+00 7.6387e+00 -9.1054e+00 2.6180e+00 -2.5482e+00
3.9300e+02 2.5312e+00 -2.7375e+00 7.5165e+00 -9.1202e+00 2.5404e+00 -2.5853e+00
3.9400e+02 2.5112e+00 -2.7686e+00 7.3551e+00 -9.1557e+00 2.3983e+00 -2.7401e+00
3.9500e+02 2.5905e+00 -2.8141e+00 7.3794e+00 -9.2089e+00 2.1955e+00 -2.9247e+00
3.9600e+02 2.6771e+00 -2.8460e+00 7.3966e+00 -9.2067e+00 2.2305e+00 -3.0246e+00
3.9700e+02 2.7386e+00 -2.8503e+00 7.3890e+00 -9.1408e+00 2.3443e+00 -2.9364e+00
3.9800e+02 2.7572e+00 -2.8251e+00 7.4153e+00 -9.0739e+00 2.3740e+00 -2.7588e+00
3.9900e+02 2.7401e+00 -2.7729e+00 7.3896e+00 -9.0399e+00 2.3084e+00 -2.5579e+00
4.0000e+02 2.6962e+00 -2.7108e+00 7.3838e+00 -9.0113e+00 2.3382e+00 -2.6132e+00
