2.0100e+02 9.3616e+08
2.0200e+02 9.3511e+08
2.0300e+02 9.3382e+08
2.0400e+02 9.3304e+08
2.0500e+02 9.3273e+08
2.0600e+02 9.3216e+08
2.0700e+02 9.3113e+08
2.0800e+02 9.3032e+08
2.0900e+02 9.2962e+08
2.1000e+02 9.2886e+08
2.1100e+02 9.2809e+08
2.1200e+02 9.2772e+08
2.1300e+02 9.2796e+08
2.1400e+02 9.2827e+08
2.1500e+02 9.2818e+08
2.1600e+02 9.2795e+08
2.1700e+02 9.2794e+08
2.1800e+02 9.2805e+08
2.1900e+02 9.2810e+08
2.2000e+02 9.2833e+08
2.2100e+02 9.2832e+08
2.2200e+02 9.2759e+08
2.2300e+02 9.2668e+08
2.2400e+02 9.2584e+08
2.2500e+02 9.2496e+08
2.2600e+02 9.2405e+08
2.2700e+02 9.2319e+08
2.2800e+02 9.2235e+08
2.2900e+02 9.2159e+08
2.3000e+02 9.2091e+08
2.3100e+02 9.2022e+08
2.3200e+02 9.1965e+08
2.3300e+02 9.1934e+08
2.3400e+02 9.1916e+08
2.3500e+02 9.1854e+08
2.3600e+02 9.1769e+08
2.3700e+02 9.1719e+08
2.3800e+02 9.1669e+08
2.3900e+02 9.1590e+08
2.4000e+02 9.1516e+08
2.4100e+02 9.1452e+08
2.4200e+02 9.1352e+08
2.4300e+02 9.1182e+08
2.4400e+02 9.1008e+08
2.4500e+02 9.0947e+08
2.4600e+02 9.0941e+08
2.4700e+02 9.0926e+08
2.4800e+02 9.0903e+08
2.4900e+02 9.0869e+08
2.5000e+02 9.0817e+08
2.5100e+02 9.0749e+08
2.5200e+02 9.0690e+08
2.5300e+02 9.0653e+08
2.5400e+02 9.0682e+08
2.5500e+02 9.0812e+08
2.5600e+02 9.0989e+08
2.5700e+02 9.1135e+08
2.5800e+02 9.1223e+08
2.5900e+02 9.1264e+08
2.6000e+02 9.1271e+08
2.6100e+02 9.1254e+08
2.6200e+02 9.1190e+08
2.6300e+02 9.1094e+08
2.6400e+02 9.1019e+08
2.6500e+02 9.0984e+08
2.6600e+02 9.1004e+08
2.6700e+02 9.1042e+08
2.6800e+02 9.0990e+08
2.6900e+02 9.0844e+08
2.7000e+02 9.0678e+08
2.7100e+02 9.0540e+08
2.7200e+02 9.0447e+08
2.7300e+02 9.0393e+08
2.7400e+02 9.0395e+08
2.7500e+02 9.0439e+08
2.7600e+02 9.0464e+08
2.7700e+02 9.0444e+08
2.7800e+02 9.0378e+08
2.7900e+02 9.0263e+08
2.8000e+02 9.0127e+08
2.8100e+02 9.0009e+08
2.8200e+02 8.9960e+08
2.8300e+02 9.0020e+08
2.8400e+02 9.0135e+08
2.8500e+02 9.0197e+08
2.8600e+02 9.0183e+08
2.8700e+02 9.0117e+08
2.8800e+02 9.0018e+08
2.8900e+02 8.9909e+08
2.9000e+02 8.9786e+08
2.9100e+02 8.9674e+08
2.9200e+02 8.9603e+08
2.9300e+02 8.9561e+08
2.9400e+02 8.9540e+08
2.9500e+02 8.9544e+08
2.9600e+02 8.9577e+08
2.9700e+02 8.9659e+08
2.9800e+02 8.9765e+08
2.9900e+02 8.9832e+08
3.0000e+02 8.9849e+08
3.0100e+02 8.9852e+08
3.0200e+02 8.9836e+08
3.0300e+02 8.9810e+08
3.0400e+02 8.9777e+08
3.0500e+02 8.9751e+08
3.0600e+02 8.9741e+08
3.0700e+02 8.9760e+08
3.0800e+02 8.9801e+08
3.0900e+02 8.9849e+08
3.1000e+02 8.9907e+08
3.1100e+02 8.9953e+08
3.1200e+02 8.9967e+08
3.1300e+02 8.9986e+08
3.1400e+02 9.0013e+08
3.1500e+02 9.0039e+08
3.1600e+02 9.0053e+08
3.1700e+02 9.0061e+08
3.1800e+02 9.0050e+08
3.1900e+02 9.0011e+08
3.2000e+02 8.9968e+08
3.2100e+02 8.9950e+08
3.2200e+02 8.9943e+08
3.2300e+02 8.9933e+08
3.2400e+02 8.9923e+08
3.2500e+02 8.9913e+08
3.2600e+02 8.9892e+08
3.2700e+02 8.9874e+08
3.2800e+02 8.9878e+08
3.2900e+02 8.9894e+08
3.3000e+02 8.9907e+08
3.3100e+02 8.9905e+08
3.3200e+02 8.9903e+08
3.3300e+02 8.9919e+08
3.3400e+02 8.9954e+08
3.3500e+02 8.9992e+08
3.3600e+02 9.0022e+08
3.3700e+02 9.0039e+08
3.3800e+02 9.0049e+08
3.3900e+02 9.0059e+08
3.4000e+02 9.0087e+08
3.4100e+02 9.0150e+08
3.4200e+02 9.0232e+08
3.4300e+02 9.0311e+08
3.4400e+02 9.0386e+08
3.4500e+02 9.0460e+08
3.4600e+02 9.0526e+08
3.4700e+02 9.0590e+08
3.4800e+02 9.0656e+08
3.4900e+02 9.0737e+08
3.5000e+02 9.0826e+08
3.5100e+02 9.0909e+08
3.5200e+02 9.0984e+08
3.5300e+02 9.1037e+08
3.5400e+02 9.1050e+08
3.5500e+02 9.1035e+08
3.5600e+02 9.1013e+08
3.5700e+02 9.0995e+08
3.5800e+02 9.0994e+08
3.5900e+02 9.1016e+08
3.6000e+02 9.1044e+08
3.6100e+02 9.1064e+08
3.6200e+02 9.1066e+08
3.6300e+02 9.1051e+08
3.6400e+02 9.1026e+08
3.6500e+02 9.0995e+08
3.6600e+02 9.0979e+08
3.6700e+02 9.0987e+08
3.6800e+02 9.1018e+08
3.6900e+02 9.1040e+08
3.7000e+02 9.1044e+08
3.7100e+02 9.1047e+08
3.7200e+02 9.1038e+08
3.7300e+02 9.1014e+08
3.7400e+02 9.0983e+08
3.7500e+02 9.0947e+08
3.7600e+02 9.0928e+08
3.7700e+02 9.0936e+08
3.7800e+02 9.0962e+08
3.7900e+02 9.1021e+08
3.8000e+02 9.1114e+08
3.8100e+02 9.1214e+08
3.8200e+02 9.1310e+08
3.8300e+02 9.1416e+08
3.8400e+02 9.1519e+08
3.8500e+02 9.1605e+08
3.8600e+02 9.1659e+08
3.8700e+02 9.1670e+08
3.8800e+02 9.1673e+08
3.8900e+02 9.1664e+08
3.9000e+02 9.1627e+08
3.9100e+02 9.1627e+08
3.9200e+02 9.1648e+08
3.9300e+02 9.1638e+08
3.9400e+02 9.1630e+08
3.9500e+02 9.1663e+08
3.9600e+02 9.1738e+08
3.9700e+02 9.1820e+08
3.9800e+02 9.1893e+08
3.9900e+02 9.1957e+08
4.0000e+02 9.2026e+08
