2.0100e+02 4.4249e+00 -3.9472e+00 6.7292e+00 -8.9833e+00 3.4713e+00 -3.9664e+00
2.0200e+02 4.1848e+00 -3.9836e+00 6.8150e+00 -9.0694e+00 3.5670e+00 -4.0096e+00
2.0300e+02 3.8617e+00 -3.9712e+00 6.8946e+00 -9.1721e+00 3.7182e+00 -3.9083e+00
2.0400e+02 3.6410e+00 -3.9223e+00 6.9680e+00 -9.2220e+00 3.7906e+00 -3.7883e+00
2.0500e+02 3.5518e+00 -3.8188e+00 6.9785e+00 -9.2067e+00 3.4149e+00 -3.7797e+00
2.0600e+02 3.5140e+00 -3.6501e+00 6.9197e+00 -9.1666e+00 3.3205e+00 -3.7987e+00
2.0700e+02 3.5333e+00 -3.4717e+00 6.8339e+00 -9.1370e+00 3.1822e+00 -3.9718e+00
2.0800e+02 3.6479e+00 -3.2917e+00 6.7478e+00 -9.1194e+00 3.1595e+00 -4.0568e+00
2.0900e+02 3.8063e+00 -3.1746e+00 6.6399e+00 -9.1126e+00 3.1660e+00 -3.9723e+00
2.1000e+02 3.9366e+00 -3.1407e+00 6.5577e+00 -9.1274e+00 3.2838e+00 -3.9651e+00
2.1100e+02 4.0450e+00 -3.0863e+00 6.5809e+00 -9.1629e+00 3.4882e+00 -4.0010e+00
2.1200e+02 4.1812e+00 -3.0845e+00 6.6007e+00 -9.2131e+00 3.5722e+00 -4.0561e+00
2.1300e+02 4.3027e+00 -3.1557e+00 6.6322e+00 -9.2518e+00 3.4731e+00 -4.0296e+00
2.1400e+02 4.3633e+00 -3.2083e+00 6.6780e+00 -9.2602e+00 3.1983e+00 -3.9054e+00
2.1500e+02 4.3346e+00 -3.2261e+00 6.7441e+00 -9.2373e+00 2.9144e+00 -3.7746e+00
2.1600e+02 4.2921e+00 -3.2279e+00 6.7618e+00 -9.2081e+00 2.8997e+00 -3.6588e+00
2.1700e+02 4.3415e+00 -3.2452e+00 6.7400e+00 -9.1984e+00 3.0195e+00 -3.6032e+00
2.1800e+02 4.4125e+00 -3.2872e+00 6.7585e+00 -9.2088e+00 3.0799e+00 -3.5255e+00
2.1900e+02 4.3480e+00 -3.3203e+00 6.8263e+00 -9.2068e+00 3.1644e+00 -3.3240e+00
2.2000e+02 4.3133e+00 -3.3610e+00 6.9236e+00 -9.1932e+00 3.3254e+00 -3.3236e+00
2.2100e+02 4.3350e+00 -3.4163e+00 6.9704e+00 -9.1850e+00 3.3607e+00 -3.3107e+00
2.2200e+02 4.3045e+00 -3.4615e+00 7.0356e+00 -9.1686e+00 3.2770e+00 -3.3022e+00
2.2300e+02 4.2963e+00 -3.4783e+00 7.0751e+00 -9.1521e+00 3.1414e+00 -3.7143e+00
2.2400e+02 4.3129e+00 -3.4811e+00 7.0682e+00 -9.1400e+00 3.0491e+00 -3.6957e+00
2.2500e+02 4.4171e+00 -3.4494e+00 7.0320e+00 -9.1306e+00 3.0268e+00 -3.7589e+00
2.2600e+02 4.5333e+00 -3.4642e+00 6.9776e+00 -9.1271e+00 3.0659e+00 -3.5208e+00
2.2700e+02 4.4747e+00 -3.5414e+00 7.1387e+00 -9.1298e+00 3.0833e+00 -3.4646e+00
2.2800e+02 4.3813e+00 -3.6622e+00 7.2475e+00 -9.1408e+00 2.9773e+00 -3.4559e+00
2.2900e+02 4.3460e+00 -3.7578e+00 7.2932e+00 -9.1557e+00 2.9718e+00 -3.4509e+00
2.3000e+02 4.3675e+00 -3.7746e+00 7.2842e+00 -9.1731e+00 3.0828e+00 -3.4038e+00
2.3100e+02 4.4505e+00 -3.7264e+00 7.2051e+00 -9.2017e+00 3.2994e+00 -3.2947e+00
2.3200e+02 4.4983e+00 -3.6968e+00 7.1369e+00 -9.2365e+00 3.3272e+00 -3.3925e+00
2.3300e+02 4.4628e+00 -3.7486e+00 7.1482e+00 -9.2628e+00 3.3037e+00 -3.6481e+00
2.3400e+02 4.4379e+00 -3.8744e+00 7.1888e+00 -9.2622e+00 3.5104e+00 -3.6696e+00
2.3500e+02 4.4278e+00 -3.9590e+00 7.1732e+00 -9.2483e+00 3.8046e+00 -3.5177e+00
2.3600e+02 4.3969e+00 -3.8933e+00 7.0144e+00 -9.2440e+00 3.8738e+00 -3.5130e+00
2.3700e+02 4.3555e+00 -3.8065e+00 6.7744e+00 -9.2507e+00 3.7484e+00 -3.6288e+00
2.3800e+02 4.3209e+00 -3.8070e+00 6.7173e+00 -9.2510e+00 3.8569e+00 -3.7176e+00
2.3900e+02 4.2482e+00 -3.9347e+00 6.6791e+00 -9.2454e+00 3.9279e+00 -3.7101e+00
2.4000e+02 4.2101e+00 -4.1628e+00 6.6285e+00 -9.2398e+00 3.9169e+00 -3.6625e+00
2.4100e+02 4.3568e+00 -4.2954e+00 6.5688e+00 -9.2229e+00 3.9641e+00 -3.5762e+00
2.4200e+02 4.5078e+00 -4.3163e+00 6.5173e+00 -9.2084e+00 4.0904e+00 -3.5555e+00
2.4300e+02 4.2623e+00 -4.3379e+00 6.4087e+00 -9.2091e+00 4.1144e+00 -3.9770e+00
2.4400e+02 3.6314e+00 -4.3776e+00 6.3841e+00 -9.2326e+00 4.0750e+00 -4.5427e+00
2.4500e+02 3.1343e+00 -4.3439e+00 6.3496e+00 -9.2857e+00 3.9987e+00 -4.5297e+00
2.4600e+02 2.9900e+00 -4.2145e+00 6.2934e+00 -9.3288e+00 3.9862e+00 -4.9667e+00
2.4700e+02 3.0152e+00 -4.0150e+00 6.2425e+00 -9.3318e+00 4.0850e+00 -5.2772e+00
2.4800e+02 3.1755e+00 -3.7878e+00 6.2055e+00 -9.2498e+00 4.2274e+00 -5.2541e+00
2.4900e+02 3.3987e+00 -3.7025e+00 6.1896e+00 -9.1091e+00 4.2883e+00 -4.8749e+00
2.5000e+02 3.4018e+00 -3.7869e+00 6.1783e+00 -8.9696e+00 4.2411e+00 -4.6949e+00
2.5100e+02 3.4639e+00 -3.8523e+00 6.1696e+00 -8.8714e+00 4.1781e+00 -4.5960e+00
2.5200e+02 3.4544e+00 -3.9293e+00 6.1700e+00 -8.8382e+00 4.2493e+00 -4.4913e+00
2.5300e+02 3.3795e+00 -3.9988e+00 6.1734e+00 -8.8577e+00 4.3293e+00 -4.3509e+00
2.5400e+02 3.3556e+00 -4.0030e+00 6.1721e+00 -8.9156e+00 4.3165e+00 -4.1716e+00
2.5500e+02 3.4158e+00 -3.9642e+00 6.1654e+00 -8.9843e+00 4.2472e+00 -4.0463e+00
2.5600e+02 3.5211e+00 -3.9011e+00 6.1634e+00 -9.0537e+00 4.1264e+00 -4.0073e+00
2.5700e+02 3.6278e+00 -3.7731e+00 6.1600e+00 -9.1127e+00 3.9949e+00 -3.9908e+00
2.5800e+02 3.7228e+00 -3.5607e+00 6.1437e+00 -9.1466e+00 3.9282e+00 -3.9686e+00
2.5900e+02 3.8095e+00 -3.2914e+00 6.1215e+00 -9.1558e+00 3.9484e+00 -3.9358e+00
2.6000e+02 3.8979e+00 -3.1392e+00 6.1028e+00 -9.1521e+00 3.9784e+00 -3.9126e+00
2.6100e+02 3.9725e+00 -3.1301e+00 6.1057e+00 -9.1348e+00 3.9846e+00 -3.9076e+00
2.6200e+02 3.9968e+00 -3.1076e+00 6.1150e+00 -9.1162e+00 3.9724e+00 -3.9163e+00
2.6300e+02 3.9214e+00 -3.0881e+00 6.1218e+00 -9.1029e+00 3.9417e+00 -3.9206e+00
2.6400e+02 3.8555e+00 -3.0703e+00 6.1250e+00 -9.0966e+00 3.8997e+00 -3.8977e+00
2.6500e+02 3.8875e+00 -3.0650e+00 6.1187e+00 -9.0997e+00 3.8559e+00 -3.8156e+00
2.6600e+02 3.8279e+00 -3.0706e+00 6.1057e+00 -9.1051e+00 3.8357e+00 -3.7431e+00
2.6700e+02 3.6491e+00 -3.0805e+00 6.0933e+00 -9.1154e+00 3.8581e+00 -3.7431e+00
2.6800e+02 3.5037e+00 -3.1005e+00 6.0818e+00 -9.1313e+00 3.9558e+00 -3.7793e+00
2.6900e+02 3.3485e+00 -3.1325e+00 6.0832e+00 -9.1452e+00 4.0110e+00 -3.7929e+00
2.7000e+02 3.1720e+00 -3.1627e+00 6.0952e+00 -9.1496e+00 4.0441e+00 -3.7452e+00
2.7100e+02 3.0145e+00 -3.1811e+00 6.1108e+00 -9.1474e+00 4.0901e+00 -3.6614e+00
2.7200e+02 3.0141e+00 -3.1977e+00 6.1235e+00 -9.1479e+00 4.1241e+00 -3.5741e+00
2.7300e+02 3.2654e+00 -3.2205e+00 6.1402e+00 -9.1512e+00 4.1448e+00 -3.5059e+00
2.7400e+02 3.5461e+00 -3.2449e+00 6.1696e+00 -9.1561e+00 4.1609e+00 -3.4874e+00
2.7500e+02 3.6003e+00 -3.2682e+00 6.1959e+00 -9.1534e+00 4.1809e+00 -3.5743e+00
2.7600e+02 3.5094e+00 -3.2524e+00 6.2005e+00 -9.1415e+00 4.2359e+00 -3.7556e+00
2.7700e+02 3.3612e+00 -3.2234e+00 6.1882e+00 -9.1295e+00 4.2832e+00 -3.9454e+00
2.7800e+02 3.1290e+00 -3.2031e+00 6.1758e+00 -9.1088e+00 4.3443e+00 -4.1246e+00
2.7900e+02 2.7279e+00 -3.1640e+00 6.1679e+00 -9.0720e+00 4.4083e+00 -4.2292e+00
2.8000e+02 2.6251e+00 -3.1101e+00 6.1657e+00 -9.0481e+00 4.4466e+00 -4.2165e+00
2.8100e+02 2.6799e+00 -3.0762e+00 6.1711e+00 -9.0318e+00 4.4591e+00 -4.2333e+00
2.8200e+02 2.6790e+00 -3.0561e+00 6.1774e+00 -9.0266e+00 4.4110e+00 -4.2250e+00
2.8300e+02 2.6645e+00 -3.0629e+00 6.1878e+00 -9.0380e+00 4.2384e+00 -4.1947e+00
2.8400e+02 2.6853e+00 -3.0862e+00 6.1997e+00 -9.0546e+00 4.1962e+00 -4.1728e+00
2.8500e+02 2.7138e+00 -3.1181e+00 6.2086e+00 -9.0698e+00 4.3725e+00 -4.0596e+00
2.8600e+02 2.7421e+00 -3.1554e+00 6.2127e+00 -9.0740e+00 4.4432e+00 -3.9437e+00
2.8700e+02 2.7600e+00 -3.1940e+00 6.2095e+00 -9.0711e+00 4.4685e+00 -3.8587e+00
2.8800e+02 2.8116e+00 -3.2270e+00 6.1988e+00 -9.0695e+00 4.6195e+00 -3.8081e+00
2.8900e+02 2.7879e+00 -3.2450e+00 6.1828e+00 -9.0696e+00 4.7284e+00 -3.7240e+00
2.9000e+02 2.8214e+00 -3.2492e+00 6.1615e+00 -9.0645e+00 4.8254e+00 -3.6221e+00
2.9100e+02 2.8878e+00 -3.2384e+00 6.1342e+00 -9.0500e+00 4.9471e+00 -3.5025e+00
2.9200e+02 2.8566e+00 -3.2178e+00 6.1076e+00 -9.0373e+00 5.0669e+00 -3.3629e+00
2.9300e+02 2.8556e+00 -3.1993e+00 6.0800e+00 -9.0273e+00 5.0689e+00 -3.4068e+00
2.9400e+02 2.8867e+00 -3.1823e+00 6.0626e+00 -9.0205e+00 5.0029e+00 -3.3066e+00
2.9500e+02 2.9175e+00 -3.1766e+00 6.0508e+00 -9.0210e+00 4.9209e+00 -3.3322e+00
2.9600e+02 2.9964e+00 -3.1801e+00 6.0387e+00 -9.0157e+00 4.7833e+00 -3.2918e+00
2.9700e+02 3.0606e+00 -3.1577e+00 6.0298e+00 -8.9972e+00 4.6741e+00 -3.2016e+00
2.9800e+02 3.0892e+00 -3.1149e+00 6.0254e+00 -8.9853e+00 4.6286e+00 -3.1382e+00
2.9900e+02 3.1366e+00 -3.0922e+00 6.0230e+00 -8.9809e+00 4.6106e+00 -3.0197e+00
3.0000e+02 3.1406e+00 -3.0793e+00 6.0032e+00 -8.9745e+00 4.5878e+00 -2.6777e+00
3.0100e+02 3.0578e+00 -3.0659e+00 5.9866e+00 -8.9742e+00 4.5891e+00 -2.8739e+00
3.0200e+02 3.0449e+00 -3.0586e+00 5.9607e+00 -8.9797e+00 4.6327e+00 -3.0354e+00
3.0300e+02 3.0335e+00 -3.0528e+00 5.9484e+00 -8.9912e+00 4.6245e+00 -2.8039e+00
3.0400e+02 3.0719e+00 -3.0511e+00 5.9399e+00 -9.0042e+00 4.5679e+00 -2.6543e+00
3.0500e+02 3.1123e+00 -3.0518e+00 5.9229e+00 -9.0068e+00 4.5696e+00 -2.6688e+00
3.0600e+02 3.0842e+00 -3.0524e+00 5.9052e+00 -9.0081e+00 4.5819e+00 -2.5806e+00
3.0700e+02 2.9961e+00 -3.0653e+00 5.8814e+00 -9.0243e+00 4.6011e+00 -2.5762e+00
3.0800e+02 2.9515e+00 -3.0876e+00 5.8527e+00 -9.0489e+00 4.5849e+00 -2.7053e+00
3.0900e+02 2.9256e+00 -3.1051e+00 5.8301e+00 -9.0786e+00 4.4667e+00 -2.8145e+00
3.1000e+02 2.8712e+00 -3.1255e+00 5.8088e+00 -9.1224e+00 4.3080e+00 -2.8330e+00
3.1100e+02 2.8569e+00 -3.1650e+00 5.7895e+00 -9.1474e+00 4.2108e+00 -2.7702e+00
3.1200e+02 2.8535e+00 -3.1959e+00 5.7726e+00 -9.1484e+00 4.0893e+00 -2.7110e+00
3.1300e+02 2.7922e+00 -3.1984e+00 5.7545e+00 -9.1349e+00 3.8594e+00 -2.6167e+00
3.1400e+02 2.7301e+00 -3.1867e+00 5.7394e+00 -9.1260e+00 3.6590e+00 -2.5430e+00
3.1500e+02 2.7035e+00 -3.1950e+00 5.7235e+00 -9.1291e+00 3.5577e+00 -2.5552e+00
3.1600e+02 2.6584e+00 -3.1912e+00 5.7031e+00 -9.1257e+00 3.4563e+00 -2.5824e+00
3.1700e+02 2.5761e+00 -3.1635e+00 5.6902e+00 -9.1256e+00 3.3818e+00 -2.5965e+00
3.1800e+02 2.4583e+00 -3.1389e+00 5.6732e+00 -9.1150e+00 3.3246e+00 -2.5999e+00
3.1900e+02 2.3425e+00 -3.1335e+00 5.6618e+00 -9.0917e+00 3.2920e+00 -2.6033e+00
3.2000e+02 2.3203e+00 -3.2227e+00 5.6492e+00 -9.0799e+00 3.2697e+00 -2.5981e+00
3.2100e+02 2.3150e+00 -3.2854e+00 5.6398e+00 -9.0825e+00 3.1778e+00 -2.6262e+00
3.2200e+02 2.2806e+00 -3.3516e+00 5.6324e+00 -9.0879e+00 2.8616e+00 -2.6371e+00
3.2300e+02 2.2002e+00 -3.4050e+00 5.6279e+00 -9.0868e+00 2.6508e+00 -2.7177e+00
3.2400e+02 2.1604e+00 -3.3360e+00 5.6226e+00 -9.0816e+00 2.5197e+00 -2.7891e+00
3.2500e+02 2.1539e+00 -3.2138e+00 5.6192e+00 -9.0795e+00 2.6391e+00 -2.8459e+00
3.2600e+02 2.1768e+00 -3.1367e+00 5.6161e+00 -9.0747e+00 2.6032e+00 -2.8698e+00
3.2700e+02 2.3401e+00 -3.1834e+00 5.6133e+00 -9.0647e+00 2.6466e+00 -2.8095e+00
3.2800e+02 2.4993e+00 -3.2255e+00 5.6114e+00 -9.0595e+00 2.7129e+00 -2.7159e+00
3.2900e+02 2.6212e+00 -3.2062e+00 5.6093e+00 -9.0682e+00 2.7470e+00 -2.6357e+00
3.3000e+02 2.7034e+00 -3.1556e+00 5.6075e+00 -9.0682e+00 2.7373e+00 -2.5848e+00
3.3100e+02 2.7518e+00 -3.1222e+00 5.6075e+00 -9.0665e+00 2.6999e+00 -2.5509e+00
3.3200e+02 2.7606e+00 -3.1409e+00 5.6088e+00 -9.0793e+00 2.6247e+00 -2.5257e+00
3.3300e+02 2.7524e+00 -3.1717e+00 5.6045e+00 -9.0906e+00 2.5516e+00 -2.5174e+00
3.3400e+02 2.7549e+00 -3.2054e+00 5.6024e+00 -9.1006e+00 2.5834e+00 -2.5208e+00
3.3500e+02 2.7192e+00 -3.2712e+00 5.5946e+00 -9.1167e+00 2.6317e+00 -2.4873e+00
3.3600e+02 2.6533e+00 -3.3528e+00 5.5921e+00 -9.1374e+00 2.6586e+00 -2.4102e+00
3.3700e+02 2.6242e+00 -3.4207e+00 5.5920e+00 -9.1485e+00 2.7486e+00 -2.3024e+00
3.3800e+02 2.6198e+00 -3.4469e+00 5.5896e+00 -9.1579e+00 2.7578e+00 -2.2030e+00
3.3900e+02 2.6531e+00 -3.4271e+00 5.5872e+00 -9.1737e+00 2.6036e+00 -2.1648e+00
3.4000e+02 2.6953e+00 -3.3793e+00 5.5828e+00 -9.1790e+00 2.4225e+00 -2.1766e+00
3.4100e+02 2.7239e+00 -3.3067e+00 5.5777e+00 -9.1756e+00 2.3430e+00 -2.1709e+00
3.4200e+02 2.7549e+00 -3.2216e+00 5.5694e+00 -9.1627e+00 2.3712e+00 -2.4450e+00
3.4300e+02 2.7850e+00 -3.1779e+00 5.5612e+00 -9.1462e+00 2.4174e+00 -2.3122e+00
3.4400e+02 2.7696e+00 -3.1615e+00 5.5503e+00 -9.1370e+00 2.3950e+00 -2.2182e+00
3.4500e+02 2.7135e+00 -3.1474e+00 5.5405e+00 -9.1305e+00 2.3249e+00 -2.4646e+00
3.4600e+02 2.6575e+00 -3.1174e+00 5.5301e+00 -9.1163e+00 2.2417e+00 -2.7847e+00
3.4700e+02 2.5963e+00 -3.1972e+00 5.5214e+00 -9.1005e+00 2.1953e+00 -3.1095e+00
3.4800e+02 2.5925e+00 -3.2660e+00 5.5115e+00 -9.0848e+00 2.1937e+00 -3.2669e+00
3.4900e+02 2.6880e+00 -3.2676e+00 5.5060e+00 -9.0616e+00 2.1268e+00 -3.3151e+00
3.5000e+02 2.8215e+00 -3.1957e+00 5.5001e+00 -9.0335e+00 2.1207e+00 -3.2387e+00
3.5100e+02 2.9051e+00 -3.0299e+00 5.4955e+00 -9.0147e+00 2.1432e+00 -3.0409e+00
3.5200e+02 2.9081e+00 -2.8640e+00 5.4923e+00 -9.0037e+00 2.2434e+00 -2.8196e+00
3.5300e+02 2.9388e+00 -2.8473e+00 5.4892e+00 -8.9995e+00 2.4161e+00 -2.6309e+00
3.5400e+02 2.9962e+00 -2.8403e+00 5.4845e+00 -9.0097e+00 2.5365e+00 -2.8173e+00
3.5500e+02 2.9834e+00 -2.8587e+00 5.4800e+00 -9.0242e+00 2.7739e+00 -3.0106e+00
3.5600e+02 2.9486e+00 -2.8900e+00 5.4765e+00 -9.0373e+00 3.0146e+00 -3.1126e+00
3.5700e+02 2.9590e+00 -2.9236e+00 5.4778e+00 -9.0564e+00 3.0142e+00 -3.2120e+00
3.5800e+02 2.9700e+00 -2.9581e+00 5.4805e+00 -9.0757e+00 2.7802e+00 -3.5307e+00
3.5900e+02 2.9475e+00 -2.9850e+00 5.4817e+00 -9.0850e+00 2.5138e+00 -3.4610e+00
3.6000e+02 2.9092e+00 -2.9919e+00 5.4826e+00 -9.0807e+00 2.4440e+00 -3.1723e+00
3.6100e+02 2.9348e+00 -2.9994e+00 5.4827e+00 -9.0782e+00 2.4916e+00 -2.9067e+00
3.6200e+02 2.9527e+00 -3.0258e+00 5.4831e+00 -9.0888e+00 2.6663e+00 -3.0137e+00
3.6300e+02 3.0017e+00 -3.0540e+00 5.5552e+00 -9.1013e+00 2.6809e+00 -3.2426e+00
3.6400e+02 3.0593e+00 -3.0731e+00 5.6020e+00 -9.1095e+00 2.8468e+00 -3.3854e+00
3.6500e+02 3.0609e+00 -3.0878e+00 5.4792e+00 -9.1157e+00 2.6923e+00 -3.4614e+00
3.6600e+02 3.0247e+00 -3.1049e+00 5.4755e+00 -9.1183e+00 2.4300e+00 -3.5646e+00
3.6700e+02 2.9884e+00 -3.1220e+00 5.6886e+00 -9.1183e+00 2.3072e+00 -3.7064e+00
3.6800e+02 3.0029e+00 -3.1351e+00 5.8333e+00 -9.1151e+00 2.3301e+00 -3.6818e+00
3.6900e+02 3.0073e+00 -3.1298e+00 5.8575e+00 -9.1026e+00 2.5075e+00 -3.5086e+00
3.7000e+02 3.0344e+00 -3.0989e+00 5.8383e+00 -9.0821e+00 2.5490e+00 -3.3555e+00
3.7100e+02 3.0770e+00 -3.0539e+00 5.8157e+00 -9.0610e+00 2.5096e+00 -3.3143e+00
3.7200e+02 3.0565e+00 -3.0041e+00 5.7992e+00 -9.0390e+00 2.4691e+00 -3.2139e+00
3.7300e+02 3.0041e+00 -2.9572e+00 5.7554e+00 -9.0154e+00 2.4669e+00 -2.9101e+00
3.7400e+02 2.9827e+00 -2.9197e+00 5.5899e+00 -8.9969e+00 2.4825e+00 -3.1283e+00
3.7500e+02 2.9831e+00 -2.8892e+00 5.5524e+00 -8.9869e+00 2.4482e+00 -3.3621e+00
3.7600e+02 2.9475e+00 -2.8714e+00 5.6096e+00 -8.9868e+00 2.3591e+00 -3.1982e+00
3.7700e+02 2.9274e+00 -2.8658e+00 5.6278e+00 -8.9908e+00 2.2364e+00 -3.0889e+00
3.7800e+02 2.9289e+00 -2.8708e+00 5.6333e+00 -8.9979e+00 2.2256e+00 -3.3365e+00
3.7900e+02 2.9084e+00 -2.8855e+00 5.6874e+00 -9.0083e+00 2.1399e+00 -3.4643e+00
3.8000e+02 2.8803e+00 -2.9033e+00 5.7825e+00 -9.0191e+00 2.1222e+00 -3.4110e+00
3.8100e+02 2.8754e+00 -2.9233e+00 5.8516e+00 -9.0321e+00 2.1072e+00 -3.1486e+00
3.8200e+02 2.8814e+00 -2.9526e+00 5.8794e+00 -9.0541e+00 2.1034e+00 -2.8655e+00
3.8300e+02 2.8837e+00 -2.9807e+00 5.8748e+00 -9.0730e+00 2.4470e+00 -2.8116e+00
3.8400e+02 2.9017e+00 -2.9987e+00 5.8745e+00 -9.0734e+00 2.6609e+00 -2.7450e+00
3.8500e+02 2.9136e+00 -3.0168e+00 5.8487e+00 -9.0643e+00 2.6780e+00 -3.0416e+00
3.8600e+02 2.9048e+00 -3.0383e+00 5.7907e+00 -9.0627e+00 2.6956e+00 -3.5454e+00
3.8700e+02 2.8816e+00 -3.0560e+00 5.7393e+00 -9.0728e+00 2.5455e+00 -3.7569e+00
3.8800e+02 2.8644e+00 -3.0660e+00 5.6776e+00 -9.0825e+00 2.3010e+00 -3.8109e+00
3.8900e+02 2.8426e+00 -3.0616e+00 5.6148e+00 -9.0799e+00 2.1982e+00 -3.7864e+00
3.9000e+02 2.7912e+00 -3.0447e+00 5.6756e+00 -9.0640e+00 2.2552e+00 -3.5701e+00
3.9100e+02 2.7476e+00 -3.0241e+00 5.6741e+00 -9.0429e+00 2.3284e+00 -3.3039e+00
3.9200e+02 2.7130e+00 -3.0068e+00 5.6478e+00 -9.0187e+00 2.3114e+00 -3.1234e+00
3.9300e+02 2.6722e+00 -2.9917e+00 5.6163e+00 -9.0012e+00 2.4152e+00 -2.8551e+00
3.9400e+02 2.6327e+00 -2.9767e+00 5.5269e+00 -8.9930e+00 2.5092e+00 -2.6774e+00
3.9500e+02 2.6124e+00 -2.9598e+00 5.5374e+00 -8.9844e+00 2.6386e+00 -2.7018e+00
3.9600e+02 2.6530e+00 -2.9391e+00 5.7089e+00 -8.9695e+00 2.8424e+00 -2.7015e+00
3.9700e+02 2.6889e+00 -2.9123e+00 5.7507e+00 -8.9513e+00 2.9916e+00 -2.8049e+00
3.9800e+02 2.7150e+00 -2.8857e+00 5.6108e+00 -8.9328e+00 2.9737e+00 -2.7602e+00
3.9900e+02 2.7438e+00 -2.8661e+00 5.5900e+00 -8.9161e+00 2.7579e+00 -2.8367e+00
4.0000e+02 2.7876e+00 -2.8545e+00 5.7538e+00 -8.9073e+00 2.5768e+00 -2.8901e+00
