0.0000e+00 2.2550e+06
1.0000e+00 2.5647e+06
2.0000e+00 2.8929e+06
3.0000e+00 3.1062e+06
4.0000e+00 3.3324e+06
5.0000e+00 3.5760e+06
6.0000e+00 3.8386e+06
7.0000e+00 4.1214e+06
8.0000e+00 4.4262e+06
9.0000e+00 4.7549e+06
1.0000e+01 5.1095e+06
1.1000e+01 5.4920e+06
1.2000e+01 5.9050e+06
1.3000e+01 6.3510e+06
1.4000e+01 6.8329e+06
1.5000e+01 7.3538e+06
1.6000e+01 7.9173e+06
1.7000e+01 8.5271e+06
1.8000e+01 9.1875e+06
1.9000e+01 9.9030e+06
2.0000e+01 1.0679e+07
2.1000e+01 1.1521e+07
2.2000e+01 1.2434e+07
2.3000e+01 1.3427e+07
2.4000e+01 1.4507e+07
2.5000e+01 1.5683e+07
2.6000e+01 1.6963e+07
2.7000e+01 1.8359e+07
2.8000e+01 1.9883e+07
2.9000e+01 2.1548e+07
3.0000e+01 2.3370e+07
3.1000e+01 2.5366e+07
3.2000e+01 2.7556e+07
3.3000e+01 2.9961e+07
3.4000e+01 3.2606e+07
3.5000e+01 3.5520e+07
3.6000e+01 3.8733e+07
3.7000e+01 4.2282e+07
3.8000e+01 4.6206e+07
3.9000e+01 5.0550e+07
4.0000e+01 5.5366e+07
4.1000e+01 6.0714e+07
4.2000e+01 6.6658e+07
4.3000e+01 7.3277e+07
4.4000e+01 8.0657e+07
4.5000e+01 8.8897e+07
4.6000e+01 9.8111e+07
4.7000e+01 1.0843e+08
4.8000e+01 1.1999e+08
4.9000e+01 1.3297e+08
5.0000e+01 1.4755e+08
5.1000e+01 1.6392e+08
5.2000e+01 1.8231e+08
5.3000e+01 2.0295e+08
5.4000e+01 2.2610e+08
5.5000e+01 2.5202e+08
5.6000e+01 2.8096e+08
5.7000e+01 3.1318e+08
5.8000e+01 3.4890e+08
5.9000e+01 3.8828e+08
6.0000e+01 4.3145e+08
6.1000e+01 4.7851e+08
6.2000e+01 5.2952e+08
6.3000e+01 5.8448e+08
6.4000e+01 6.4327e+08
6.5000e+01 7.0558e+08
6.6000e+01 7.7065e+08
6.7000e+01 8.3677e+08
6.8000e+01 9.0044e+08
6.9000e+01 9.5620e+08
7.0000e+01 9.9775e+08
7.1000e+01 1.0202e+09
7.2000e+01 1.0240e+09
7.3000e+01 1.0181e+09
7.4000e+01 1.0160e+09
7.5000e+01 1.0260e+09
7.6000e+01 1.0465e+09
7.7000e+01 1.0686e+09
7.8000e+01 1.0899e+09
7.9000e+01 1.1130e+09
8.0000e+01 1.1416e+09
8.1000e+01 1.1767e+09
8.2000e+01 1.2154e+09
8.3000e+01 1.2567e+09
8.4000e+01 1.2969e+09
8.5000e+01 1.3376e+09
8.6000e+01 1.3827e+09
8.7000e+01 1.4323e+09
8.8000e+01 1.4880e+09
8.9000e+01 1.5523e+09
9.0000e+01 1.6217e+09
9.1000e+01 1.6869e+09
9.2000e+01 1.7478e+09
9.3000e+01 1.8035e+09
9.4000e+01 1.8520e+09
9.5000e+01 1.8980e+09
9.6000e+01 1.9485e+09
9.7000e+01 2.0096e+09
9.8000e+01 2.0779e+09
9.9000e+01 2.1528e+09
1.0000e+02 2.2346e+09
1.0100e+02 2.3135e+09
1.0200e+02 2.3897e+09
1.0300e+02 2.4558e+09
1.0400e+02 2.5079e+09
1.0500e+02 2.5446e+09
1.0600e+02 2.5639e+09
1.0700e+02 2.5802e+09
1.0800e+02 2.5964e+09
1.0900e+02 2.6096e+09
1.1000e+02 2.6169e+09
1.1100e+02 2.6273e+09
1.1200e+02 2.6294e+09
1.1300e+02 2.6052e+09
1.1400e+02 2.5704e+09
1.1500e+02 2.5497e+09
1.1600e+02 2.5492e+09
1.1700e+02 2.5487e+09
1.1800e+02 2.5502e+09
1.1900e+02 2.5585e+09
1.2000e+02 2.5720e+09
1.2100e+02 2.5691e+09
1.2200e+02 2.5492e+09
1.2300e+02 2.5361e+09
1.2400e+02 2.5205e+09
1.2500e+02 2.4917e+09
1.2600e+02 2.4525e+09
1.2700e+02 2.4223e+09
1.2800e+02 2.3962e+09
1.2900e+02 2.3725e+09
1.3000e+02 2.3392e+09
1.3100e+02 2.3029e+09
1.3200e+02 2.2685e+09
1.3300e+02 2.2341e+09
1.3400e+02 2.1929e+09
1.3500e+02 2.1563e+09
1.3600e+02 2.1368e+09
1.3700e+02 2.1325e+09
1.3800e+02 2.1256e+09
1.3900e+02 2.0986e+09
1.4000e+02 2.0832e+09
1.4100e+02 2.0767e+09
1.4200e+02 2.0648e+09
1.4300e+02 2.0579e+09
1.4400e+02 2.0497e+09
1.4500e+02 2.0296e+09
1.4600e+02 2.0049e+09
1.4700e+02 1.9917e+09
1.4800e+02 1.9743e+09
1.4900e+02 1.9616e+09
1.5000e+02 1.9473e+09
1.5100e+02 1.9398e+09
1.5200e+02 1.9509e+09
1.5300e+02 1.9765e+09
1.5400e+02 1.9988e+09
1.5500e+02 2.0041e+09
1.5600e+02 1.9869e+09
1.5700e+02 1.9562e+09
1.5800e+02 1.9319e+09
1.5900e+02 1.9086e+09
1.6000e+02 1.8855e+09
1.6100e+02 1.8612e+09
1.6200e+02 1.8423e+09
1.6300e+02 1.8180e+09
1.6400e+02 1.7996e+09
1.6500e+02 1.7853e+09
1.6600e+02 1.7789e+09
1.6700e+02 1.7838e+09
1.6800e+02 1.7931e+09
1.6900e+02 1.7992e+09
1.7000e+02 1.7989e+09
1.7100e+02 1.8027e+09
1.7200e+02 1.8049e+09
1.7300e+02 1.8091e+09
1.7400e+02 1.8050e+09
1.7500e+02 1.7841e+09
1.7600e+02 1.7456e+09
1.7700e+02 1.7201e+09
1.7800e+02 1.7051e+09
1.7900e+02 1.6904e+09
1.8000e+02 1.6880e+09
1.8100e+02 1.6968e+09
1.8200e+02 1.7054e+09
1.8300e+02 1.7094e+09
1.8400e+02 1.7033e+09
1.8500e+02 1.6885e+09
1.8600e+02 1.6818e+09
1.8700e+02 1.6867e+09
1.8800e+02 1.6876e+09
1.8900e+02 1.6772e+09
1.9000e+02 1.6611e+09
1.9100e+02 1.6436e+09
1.9200e+02 1.6292e+09
1.9300e+02 1.6189e+09
1.9400e+02 1.6199e+09
1.9500e+02 1.6234e+09
1.9600e+02 1.6244e+09
1.9700e+02 1.6245e+09
1.9800e+02 1.6273e+09
1.9900e+02 1.6349e+09
2.0000e+02 1.6452e+09
2.0100e+02 1.6553e+09
2.0200e+02 1.6517e+09
2.0300e+02 1.6367e+09
2.0400e+02 1.6229e+09
2.0500e+02 1.6008e+09
2.0600e+02 1.5798e+09
2.0700e+02 1.5674e+09
2.0800e+02 1.5663e+09
2.0900e+02 1.5750e+09
2.1000e+02 1.5868e+09
2.1100e+02 1.5945e+09
2.1200e+02 1.5968e+09
2.1300e+02 1.6072e+09
2.1400e+02 1.6117e+09
2.1500e+02 1.6009e+09
2.1600e+02 1.5843e+09
2.1700e+02 1.5756e+09
2.1800e+02 1.5745e+09
2.1900e+02 1.5765e+09
2.2000e+02 1.5782e+09
2.2100e+02 1.5705e+09
2.2200e+02 1.5619e+09
2.2300e+02 1.5612e+09
2.2400e+02 1.5617e+09
2.2500e+02 1.5628e+09
2.2600e+02 1.5628e+09
2.2700e+02 1.5551e+09
2.2800e+02 1.5408e+09
2.2900e+02 1.5286e+09
2.3000e+02 1.5224e+09
2.3100e+02 1.5211e+09
2.3200e+02 1.5176e+09
2.3300e+02 1.5156e+09
2.3400e+02 1.5220e+09
2.3500e+02 1.5176e+09
2.3600e+02 1.5039e+09
2.3700e+02 1.5036e+09
2.3800e+02 1.5072e+09
2.3900e+02 1.5124e+09
2.4000e+02 1.5154e+09
2.4100e+02 1.5098e+09
2.4200e+02 1.5008e+09
2.4300e+02 1.4946e+09
2.4400e+02 1.4934e+09
2.4500e+02 1.4968e+09
2.4600e+02 1.5032e+09
2.4700e+02 1.5026e+09
2.4800e+02 1.5012e+09
2.4900e+02 1.4945e+09
2.5000e+02 1.4895e+09
2.5100e+02 1.4860e+09
2.5200e+02 1.4884e+09
2.5300e+02 1.4992e+09
2.5400e+02 1.5050e+09
2.5500e+02 1.5066e+09
2.5600e+02 1.5123e+09
2.5700e+02 1.5177e+09
2.5800e+02 1.5157e+09
2.5900e+02 1.5071e+09
2.6000e+02 1.4921e+09
2.6100e+02 1.4929e+09
2.6200e+02 1.5010e+09
2.6300e+02 1.5030e+09
2.6400e+02 1.5005e+09
2.6500e+02 1.4880e+09
2.6600e+02 1.4736e+09
2.6700e+02 1.4684e+09
2.6800e+02 1.4676e+09
2.6900e+02 1.4753e+09
2.7000e+02 1.4857e+09
2.7100e+02 1.4946e+09
2.7200e+02 1.5098e+09
2.7300e+02 1.5151e+09
2.7400e+02 1.5086e+09
2.7500e+02 1.5037e+09
2.7600e+02 1.4989e+09
2.7700e+02 1.4937e+09
2.7800e+02 1.4797e+09
2.7900e+02 1.4717e+09
2.8000e+02 1.4786e+09
2.8100e+02 1.4855e+09
2.8200e+02 1.4875e+09
2.8300e+02 1.4882e+09
2.8400e+02 1.4860e+09
2.8500e+02 1.4871e+09
2.8600e+02 1.4863e+09
2.8700e+02 1.4798e+09
2.8800e+02 1.4730e+09
2.8900e+02 1.4745e+09
2.9000e+02 1.4862e+09
2.9100e+02 1.4934e+09
2.9200e+02 1.4888e+09
2.9300e+02 1.4840e+09
2.9400e+02 1.4894e+09
2.9500e+02 1.4944e+09
2.9600e+02 1.4903e+09
2.9700e+02 1.4918e+09
2.9800e+02 1.5007e+09
2.9900e+02 1.5039e+09
3.0000e+02 1.4959e+09
