0.0000e+00 0.0000e+00 0.0000e+00 3.8455e-01 -3.6723e-01 1.8178e-01 -1.7696e-01
1.0000e+00 1.2951e-01 -1.2874e-01 1.3248e-01 -1.2458e-01 7.4644e-02 -7.5267e-02
2.0000e+00 1.4065e-01 -1.3955e-01 1.3014e-01 -1.2154e-01 7.3390e-02 -7.1347e-02
3.0000e+00 1.4642e-01 -1.4519e-01 1.3505e-01 -1.2572e-01 7.6218e-02 -7.3053e-02
4.0000e+00 1.5142e-01 -1.4999e-01 1.3963e-01 -1.2949e-01 7.8546e-02 -7.4231e-02
5.0000e+00 1.5564e-01 -1.5398e-01 1.4363e-01 -1.3272e-01 8.0010e-02 -7.5829e-02
6.0000e+00 1.5907e-01 -1.5714e-01 1.4710e-01 -1.3579e-01 8.0544e-02 -7.6542e-02
7.0000e+00 1.6181e-01 -1.5958e-01 1.5012e-01 -1.3865e-01 8.0661e-02 -8.1893e-02
8.0000e+00 1.6413e-01 -1.6159e-01 1.5376e-01 -1.4602e-01 8.6759e-02 -8.9196e-02
9.0000e+00 1.7045e-01 -1.6816e-01 1.6251e-01 -1.5490e-01 9.3599e-02 -9.6441e-02
1.0000e+01 1.7833e-01 -1.7543e-01 1.7237e-01 -1.6502e-01 9.9921e-02 -1.0325e-01
1.1000e+01 1.8644e-01 -1.8303e-01 1.8276e-01 -1.7579e-01 1.0543e-01 -1.0930e-01
1.2000e+01 1.9406e-01 -1.8985e-01 1.9312e-01 -1.8668e-01 1.0983e-01 -1.1430e-01
1.3000e+01 2.0046e-01 -1.9978e-01 2.0299e-01 -1.9722e-01 1.1292e-01 -1.1801e-01
1.4000e+01 2.0538e-01 -2.1112e-01 2.1204e-01 -2.0706e-01 1.1452e-01 -1.2023e-01
1.5000e+01 2.1426e-01 -2.2118e-01 2.2004e-01 -2.1591e-01 1.1817e-01 -1.2088e-01
1.6000e+01 2.2161e-01 -2.2982e-01 2.2695e-01 -2.2366e-01 1.2462e-01 -1.1993e-01
1.7000e+01 2.2750e-01 -2.3700e-01 2.3278e-01 -2.3036e-01 1.3931e-01 -1.3346e-01
1.8000e+01 2.3755e-01 -2.4582e-01 2.3953e-01 -2.3616e-01 1.5383e-01 -1.4667e-01
1.9000e+01 2.5452e-01 -2.6433e-01 2.5385e-01 -2.5084e-01 1.6761e-01 -1.5897e-01
2.0000e+01 2.7031e-01 -2.8197e-01 2.6726e-01 -2.6533e-01 1.8018e-01 -1.6989e-01
2.1000e+01 2.8428e-01 -2.9791e-01 2.7935e-01 -2.7853e-01 1.9101e-01 -1.7900e-01
2.2000e+01 2.9590e-01 -3.1162e-01 2.8965e-01 -2.8994e-01 1.9970e-01 -1.8591e-01
2.3000e+01 3.0484e-01 -3.2262e-01 2.9804e-01 -2.9930e-01 2.0587e-01 -1.9026e-01
2.4000e+01 3.1085e-01 -3.3059e-01 3.0436e-01 -3.0636e-01 2.0916e-01 -1.9184e-01
2.5000e+01 3.1398e-01 -3.3552e-01 3.0885e-01 -3.1123e-01 2.0939e-01 -1.9039e-01
2.6000e+01 3.1477e-01 -3.3750e-01 3.1195e-01 -3.1413e-01 2.0636e-01 -2.0071e-01
2.7000e+01 3.4872e-01 -3.3927e-01 3.2268e-01 -3.1577e-01 2.1361e-01 -2.2616e-01
2.8000e+01 3.8218e-01 -3.7123e-01 3.4953e-01 -3.1837e-01 2.3589e-01 -2.5032e-01
2.9000e+01 4.1387e-01 -4.0140e-01 3.7494e-01 -3.4173e-01 2.5599e-01 -2.7244e-01
3.0000e+01 4.4249e-01 -4.2860e-01 3.9807e-01 -3.6284e-01 2.7333e-01 -2.9185e-01
3.1000e+01 4.6718e-01 -4.5218e-01 4.1812e-01 -3.8101e-01 2.8734e-01 -3.0795e-01
3.2000e+01 4.8700e-01 -4.7121e-01 4.3446e-01 -3.9570e-01 2.9752e-01 -3.2021e-01
3.3000e+01 5.0120e-01 -4.8533e-01 4.4672e-01 -4.0659e-01 3.0342e-01 -3.2811e-01
3.4000e+01 5.0940e-01 -4.9410e-01 4.5472e-01 -4.1359e-01 3.0473e-01 -3.3141e-01
3.5000e+01 5.1151e-01 -4.9767e-01 4.5866e-01 -4.1681e-01 3.0122e-01 -3.2971e-01
3.6000e+01 5.0762e-01 -4.9638e-01 4.6077e-01 -4.2797e-01 3.0881e-01 -3.3199e-01
3.7000e+01 5.0245e-01 -4.9552e-01 4.9961e-01 -4.5488e-01 3.4553e-01 -3.6775e-01
3.8000e+01 5.5605e-01 -5.4875e-01 5.4481e-01 -4.8575e-01 3.7939e-01 -4.0058e-01
3.9000e+01 6.0513e-01 -5.9732e-01 5.8661e-01 -5.4074e-01 4.0946e-01 -4.2935e-01
4.0000e+01 6.4843e-01 -6.3980e-01 6.2404e-01 -5.9444e-01 4.3503e-01 -4.5332e-01
4.1000e+01 6.8460e-01 -6.7504e-01 6.5615e-01 -6.4531e-01 4.5508e-01 -4.7180e-01
4.2000e+01 7.1258e-01 -7.0565e-01 6.8233e-01 -6.9219e-01 4.6891e-01 -4.8422e-01
4.3000e+01 7.3143e-01 -7.2840e-01 7.0209e-01 -7.3401e-01 4.7610e-01 -4.8983e-01
4.4000e+01 7.4063e-01 -7.4163e-01 7.1536e-01 -7.7020e-01 4.7597e-01 -4.8812e-01
4.5000e+01 7.3981e-01 -7.4503e-01 7.2227e-01 -8.0099e-01 4.6861e-01 -4.7863e-01
4.6000e+01 7.5567e-01 -7.5854e-01 7.4193e-01 -8.2756e-01 5.1855e-01 -5.1638e-01
4.7000e+01 8.0136e-01 -7.9098e-01 7.7121e-01 -8.5345e-01 5.6731e-01 -5.6396e-01
4.8000e+01 8.4370e-01 -8.1251e-01 8.0341e-01 -8.8524e-01 6.1142e-01 -6.0700e-01
4.9000e+01 8.9597e-01 -8.7404e-01 8.6011e-01 -9.3179e-01 6.4961e-01 -6.4491e-01
5.0000e+01 9.6237e-01 -9.3723e-01 9.1667e-01 -9.9782e-01 6.8138e-01 -7.1453e-01
5.1000e+01 1.0174e+00 -9.9042e-01 9.6349e-01 -1.0806e+00 7.3635e-01 -7.8467e-01
5.2000e+01 1.0600e+00 -1.0316e+00 9.9944e-01 -1.1746e+00 8.1450e-01 -8.5410e-01
5.3000e+01 1.1072e+00 -1.0594e+00 1.0313e+00 -1.2740e+00 8.9224e-01 -9.2249e-01
5.4000e+01 1.1386e+00 -1.1276e+00 1.1065e+00 -1.3742e+00 9.6798e-01 -9.8988e-01
5.5000e+01 1.1514e+00 -1.2119e+00 1.1749e+00 -1.4706e+00 1.0407e+00 -1.0566e+00
5.6000e+01 1.2101e+00 -1.2812e+00 1.2331e+00 -1.5591e+00 1.1094e+00 -1.1236e+00
5.7000e+01 1.3525e+00 -1.3283e+00 1.3095e+00 -1.6355e+00 1.1731e+00 -1.1922e+00
5.8000e+01 1.4982e+00 -1.3463e+00 1.3958e+00 -1.6969e+00 1.2314e+00 -1.2870e+00
5.9000e+01 1.6420e+00 -1.4536e+00 1.4704e+00 -1.7425e+00 1.3052e+00 -1.4032e+00
6.0000e+01 1.7785e+00 -1.5661e+00 1.5323e+00 -1.7773e+00 1.4072e+00 -1.5335e+00
6.1000e+01 1.9033e+00 -1.6685e+00 1.5833e+00 -1.9058e+00 1.5261e+00 -1.6775e+00
6.2000e+01 2.0106e+00 -1.7754e+00 1.6514e+00 -2.0570e+00 1.6608e+00 -1.8335e+00
6.3000e+01 2.0967e+00 -1.9110e+00 1.8180e+00 -2.2803e+00 1.7847e+00 -2.0176e+00
6.4000e+01 2.1601e+00 -2.0313e+00 1.9759e+00 -2.5143e+00 2.0821e+00 -2.1921e+00
6.5000e+01 2.2022e+00 -2.1277e+00 2.1191e+00 -2.7702e+00 2.5394e+00 -2.4958e+00
6.6000e+01 2.3122e+00 -2.1924e+00 2.2433e+00 -3.0680e+00 3.0360e+00 -2.8554e+00
6.7000e+01 2.4017e+00 -2.5314e+00 2.3464e+00 -3.3894e+00 3.6417e+00 -3.0844e+00
6.8000e+01 2.4906e+00 -2.8302e+00 2.4252e+00 -3.6547e+00 4.2222e+00 -3.2788e+00
6.9000e+01 2.7378e+00 -3.0180e+00 2.4529e+00 -3.8187e+00 4.6500e+00 -3.5757e+00
7.0000e+01 2.9296e+00 -3.0598e+00 2.3801e+00 -3.9214e+00 4.8613e+00 -3.8028e+00
7.1000e+01 2.9656e+00 -3.2032e+00 2.6550e+00 -4.0033e+00 4.8869e+00 -3.9453e+00
7.2000e+01 2.8362e+00 -3.3897e+00 2.8762e+00 -4.0555e+00 4.8831e+00 -4.3511e+00
7.3000e+01 2.6363e+00 -3.4597e+00 3.0086e+00 -4.0604e+00 4.9893e+00 -4.4615e+00
7.4000e+01 2.4635e+00 -3.3950e+00 3.0626e+00 -4.0222e+00 4.9687e+00 -4.9783e+00
7.5000e+01 2.6799e+00 -3.3027e+00 3.0736e+00 -3.9599e+00 6.0616e+00 -5.5153e+00
7.6000e+01 2.9363e+00 -3.2568e+00 3.0905e+00 -3.9390e+00 6.0210e+00 -6.2059e+00
7.7000e+01 3.1112e+00 -3.0919e+00 3.1155e+00 -4.0663e+00 6.6101e+00 -5.9292e+00
7.8000e+01 3.2139e+00 -3.0078e+00 3.1404e+00 -4.2973e+00 6.2778e+00 -5.9751e+00
7.9000e+01 3.2395e+00 -2.9793e+00 3.1592e+00 -4.4224e+00 6.5515e+00 -6.2073e+00
8.0000e+01 3.2819e+00 -2.8624e+00 3.2651e+00 -4.3867e+00 6.4994e+00 -6.5283e+00
8.1000e+01 3.3531e+00 -2.9166e+00 3.3930e+00 -4.2754e+00 7.1364e+00 -7.4094e+00
8.2000e+01 3.3913e+00 -3.0633e+00 3.3161e+00 -4.1753e+00 7.1845e+00 -7.3490e+00
8.3000e+01 3.3681e+00 -2.9611e+00 3.4686e+00 -4.2390e+00 7.9906e+00 -7.4651e+00
8.4000e+01 3.4111e+00 -2.8459e+00 3.5610e+00 -4.5504e+00 1.0408e+01 -9.0717e+00
8.5000e+01 3.6078e+00 -3.0824e+00 3.5984e+00 -4.4975e+00 1.1158e+01 -9.2997e+00
8.6000e+01 3.3195e+00 -3.0554e+00 3.7498e+00 -4.8717e+00 9.4918e+00 -1.0193e+01
8.7000e+01 3.1652e+00 -3.0026e+00 3.9558e+00 -5.1242e+00 9.0964e+00 -1.1464e+01
8.8000e+01 3.0626e+00 -3.1356e+00 4.1397e+00 -4.8627e+00 1.0276e+01 -1.3112e+01
8.9000e+01 2.9474e+00 -3.0953e+00 4.4627e+00 -4.8024e+00 1.0119e+01 -1.1193e+01
9.0000e+01 3.2234e+00 -3.3551e+00 4.7158e+00 -5.1852e+00 8.7069e+00 -1.1051e+01
9.1000e+01 3.4161e+00 -3.5644e+00 4.8289e+00 -5.4777e+00 8.4514e+00 -1.1442e+01
9.2000e+01 3.5334e+00 -3.8046e+00 4.8128e+00 -5.6930e+00 8.7028e+00 -1.3681e+01
9.3000e+01 3.4151e+00 -3.9242e+00 4.7850e+00 -5.7317e+00 8.7554e+00 -1.1933e+01
9.4000e+01 3.5228e+00 -3.6556e+00 4.7571e+00 -5.3999e+00 9.0468e+00 -1.1964e+01
9.5000e+01 3.7362e+00 -3.5781e+00 4.6549e+00 -5.1275e+00 1.0931e+01 -1.2071e+01
9.6000e+01 3.7320e+00 -3.6639e+00 4.7363e+00 -5.0269e+00 1.1873e+01 -1.1922e+01
9.7000e+01 3.8200e+00 -3.7581e+00 4.7928e+00 -5.1556e+00 1.2826e+01 -1.2396e+01
9.8000e+01 3.9876e+00 -3.8652e+00 4.8263e+00 -5.2504e+00 1.2792e+01 -1.4886e+01
9.9000e+01 4.0413e+00 -4.0281e+00 4.8316e+00 -5.4978e+00 1.2925e+01 -1.5344e+01
1.0000e+02 4.0387e+00 -4.2929e+00 4.8958e+00 -5.3760e+00 1.2019e+01 -1.4560e+01
1.0100e+02 4.0397e+00 -4.3267e+00 4.9070e+00 -5.1207e+00 1.2432e+01 -1.2422e+01
1.0200e+02 3.8258e+00 -4.1972e+00 4.9719e+00 -5.1531e+00 1.3255e+01 -1.1791e+01
1.0300e+02 3.8184e+00 -4.2111e+00 5.1034e+00 -5.4328e+00 1.3105e+01 -1.2068e+01
1.0400e+02 4.1743e+00 -4.3563e+00 5.0890e+00 -5.6085e+00 1.3556e+01 -1.1889e+01
1.0500e+02 4.4356e+00 -4.2383e+00 5.0159e+00 -5.8373e+00 1.4899e+01 -1.2320e+01
1.0600e+02 4.3851e+00 -4.4354e+00 4.9975e+00 -5.8112e+00 1.4389e+01 -1.2298e+01
1.0700e+02 4.8018e+00 -5.0708e+00 5.1480e+00 -5.8296e+00 1.2651e+01 -1.2494e+01
1.0800e+02 4.9822e+00 -5.4728e+00 5.1580e+00 -6.0578e+00 1.2447e+01 -1.2179e+01
1.0900e+02 4.7423e+00 -5.3355e+00 5.2344e+00 -6.1099e+00 1.2733e+01 -1.2286e+01
1.1000e+02 4.4467e+00 -5.7603e+00 5.5369e+00 -5.8848e+00 1.2489e+01 -1.2338e+01
1.1100e+02 4.5745e+00 -6.0867e+00 5.9051e+00 -6.0840e+00 1.2782e+01 -1.2104e+01
1.1200e+02 4.4129e+00 -5.7311e+00 5.8951e+00 -6.1111e+00 1.2304e+01 -1.2504e+01
1.1300e+02 4.5001e+00 -5.1060e+00 5.8077e+00 -6.2894e+00 1.2275e+01 -1.2618e+01
1.1400e+02 4.4187e+00 -4.5101e+00 5.7747e+00 -6.2657e+00 1.1705e+01 -1.2460e+01
1.1500e+02 4.4197e+00 -4.9466e+00 6.1007e+00 -6.5804e+00 1.2033e+01 -1.3426e+01
1.1600e+02 4.4194e+00 -4.9198e+00 6.2296e+00 -6.8519e+00 1.2745e+01 -1.3427e+01
1.1700e+02 4.7129e+00 -4.8920e+00 6.4429e+00 -7.0835e+00 1.2718e+01 -1.4547e+01
1.1800e+02 4.6808e+00 -4.8958e+00 6.7718e+00 -7.3048e+00 1.2612e+01 -1.2465e+01
1.1900e+02 4.5641e+00 -4.4688e+00 7.0508e+00 -7.5477e+00 1.2545e+01 -1.2865e+01
1.2000e+02 4.2257e+00 -4.4071e+00 7.3022e+00 -7.6899e+00 1.2031e+01 -1.2291e+01
1.2100e+02 4.2234e+00 -4.4236e+00 7.2182e+00 -7.7427e+00 1.1074e+01 -1.3714e+01
1.2200e+02 4.1606e+00 -4.6635e+00 6.9780e+00 -7.5997e+00 1.1756e+01 -1.3677e+01
1.2300e+02 4.3641e+00 -4.1002e+00 6.7798e+00 -7.6441e+00 1.2095e+01 -1.2978e+01
1.2400e+02 4.1121e+00 -4.3730e+00 6.9447e+00 -8.0029e+00 1.3906e+01 -1.5316e+01
1.2500e+02 4.5387e+00 -4.3518e+00 7.3287e+00 -7.9446e+00 1.3599e+01 -1.4646e+01
1.2600e+02 4.6390e+00 -3.9404e+00 7.5318e+00 -8.1453e+00 1.2937e+01 -1.4537e+01
1.2700e+02 4.9662e+00 -4.1768e+00 7.2889e+00 -8.1666e+00 1.3249e+01 -1.4040e+01
1.2800e+02 4.6546e+00 -4.2145e+00 7.3120e+00 -7.9859e+00 1.4549e+01 -1.4039e+01
1.2900e+02 4.8733e+00 -3.9975e+00 7.5150e+00 -8.2156e+00 1.4164e+01 -1.4144e+01
1.3000e+02 4.4271e+00 -3.9804e+00 7.5395e+00 -8.6759e+00 1.4473e+01 -1.3926e+01
1.3100e+02 4.5507e+00 -4.0403e+00 7.4022e+00 -8.9132e+00 1.4846e+01 -1.4028e+01
1.3200e+02 4.4303e+00 -4.0826e+00 7.5732e+00 -9.0603e+00 1.3938e+01 -1.3370e+01
1.3300e+02 4.2761e+00 -4.0401e+00 7.6213e+00 -9.1675e+00 1.2806e+01 -1.4394e+01
1.3400e+02 4.4707e+00 -3.9888e+00 7.6554e+00 -9.1650e+00 1.2727e+01 -1.3995e+01
1.3500e+02 4.6099e+00 -3.8503e+00 7.8704e+00 -9.2562e+00 1.4182e+01 -1.4480e+01
1.3600e+02 4.4572e+00 -4.0052e+00 8.0006e+00 -9.4142e+00 1.4245e+01 -1.5740e+01
1.3700e+02 4.5712e+00 -4.1225e+00 7.5641e+00 -9.6462e+00 1.3184e+01 -1.5757e+01
1.3800e+02 4.1000e+00 -3.7399e+00 7.4088e+00 -9.7680e+00 1.3121e+01 -1.6074e+01
1.3900e+02 3.6402e+00 -3.2486e+00 7.2476e+00 -9.9192e+00 1.4770e+01 -1.6494e+01
1.4000e+02 3.8938e+00 -3.4683e+00 7.2413e+00 -9.9400e+00 1.5946e+01 -1.5839e+01
1.4100e+02 4.3395e+00 -3.7339e+00 7.6644e+00 -9.7838e+00 1.4471e+01 -1.5506e+01
1.4200e+02 4.1067e+00 -3.5948e+00 7.6308e+00 -9.5865e+00 1.3516e+01 -1.6626e+01
1.4300e+02 4.1017e+00 -3.5430e+00 7.6016e+00 -9.3783e+00 1.4130e+01 -1.5938e+01
1.4400e+02 4.1887e+00 -3.5765e+00 7.7531e+00 -9.2603e+00 1.3576e+01 -1.6237e+01
1.4500e+02 4.0891e+00 -3.7338e+00 7.6078e+00 -9.4108e+00 1.3175e+01 -1.5914e+01
1.4600e+02 4.2809e+00 -3.7294e+00 7.4254e+00 -9.4844e+00 1.2968e+01 -1.5571e+01
1.4700e+02 3.8615e+00 -3.3400e+00 7.3360e+00 -9.5740e+00 1.4649e+01 -1.5741e+01
1.4800e+02 4.0963e+00 -3.3275e+00 7.3615e+00 -9.7097e+00 1.3597e+01 -1.4800e+01
1.4900e+02 4.1697e+00 -3.4808e+00 7.5554e+00 -9.7487e+00 1.3647e+01 -1.5642e+01
1.5000e+02 4.1161e+00 -3.4432e+00 7.3616e+00 -9.6574e+00 1.2930e+01 -1.4631e+01
1.5100e+02 4.2453e+00 -3.5435e+00 7.3887e+00 -9.5753e+00 1.3425e+01 -1.5942e+01
1.5200e+02 3.9336e+00 -3.6290e+00 8.0454e+00 -9.6148e+00 1.4106e+01 -1.6832e+01
1.5300e+02 4.0638e+00 -3.6184e+00 8.3572e+00 -9.6304e+00 1.3863e+01 -1.5564e+01
1.5400e+02 3.9308e+00 -3.7621e+00 8.2817e+00 -9.4767e+00 1.3987e+01 -1.3959e+01
1.5500e+02 4.1413e+00 -4.0214e+00 7.8739e+00 -9.2383e+00 1.2516e+01 -1.3981e+01
1.5600e+02 3.9899e+00 -4.2231e+00 7.6948e+00 -9.1235e+00 1.2518e+01 -1.3590e+01
1.5700e+02 3.7305e+00 -4.2298e+00 7.8239e+00 -9.3183e+00 1.2180e+01 -1.4005e+01
1.5800e+02 4.0615e+00 -4.1467e+00 8.3366e+00 -9.6533e+00 1.2090e+01 -1.4942e+01
1.5900e+02 4.0886e+00 -3.9775e+00 8.1978e+00 -9.8335e+00 1.3288e+01 -1.4694e+01
1.6000e+02 3.7046e+00 -3.9513e+00 7.8585e+00 -9.7508e+00 1.2820e+01 -1.4320e+01
1.6100e+02 3.8083e+00 -4.0237e+00 7.8021e+00 -9.4816e+00 1.2989e+01 -1.3927e+01
1.6200e+02 3.6997e+00 -4.3130e+00 7.4234e+00 -9.4013e+00 1.2689e+01 -1.4177e+01
1.6300e+02 3.4339e+00 -3.9475e+00 7.2702e+00 -9.5593e+00 1.3086e+01 -1.4899e+01
1.6400e+02 3.4597e+00 -3.8409e+00 7.0946e+00 -9.7424e+00 1.2447e+01 -1.4024e+01
1.6500e+02 3.1808e+00 -3.7601e+00 7.1002e+00 -9.8420e+00 1.2306e+01 -1.4575e+01
1.6600e+02 3.2614e+00 -3.6287e+00 7.3030e+00 -9.9149e+00 1.1972e+01 -1.5484e+01
1.6700e+02 3.3131e+00 -3.5316e+00 7.3938e+00 -9.8649e+00 1.2249e+01 -1.5083e+01
1.6800e+02 3.4054e+00 -3.6285e+00 7.4996e+00 -9.6497e+00 1.2520e+01 -1.5022e+01
1.6900e+02 3.6856e+00 -3.8119e+00 7.5952e+00 -9.4973e+00 1.3448e+01 -1.4672e+01
1.7000e+02 3.4144e+00 -3.9795e+00 7.6529e+00 -9.3861e+00 1.2805e+01 -1.4721e+01
1.7100e+02 3.5554e+00 -4.3445e+00 7.7259e+00 -9.6343e+00 1.2980e+01 -1.4004e+01
1.7200e+02 3.6268e+00 -4.5495e+00 7.6207e+00 -9.9481e+00 1.2886e+01 -1.3877e+01
1.7300e+02 3.8274e+00 -4.4966e+00 7.3110e+00 -9.8739e+00 1.3320e+01 -1.5662e+01
1.7400e+02 3.5470e+00 -4.2168e+00 7.4292e+00 -9.7708e+00 1.3802e+01 -1.3807e+01
1.7500e+02 3.7195e+00 -3.4726e+00 7.5997e+00 -9.6307e+00 1.3067e+01 -1.5424e+01
1.7600e+02 3.2779e+00 -3.1766e+00 7.3479e+00 -9.7089e+00 1.3460e+01 -1.4100e+01
1.7700e+02 3.4915e+00 -3.0741e+00 7.3173e+00 -9.6347e+00 1.4024e+01 -1.3872e+01
1.7800e+02 3.4845e+00 -3.2925e+00 7.4542e+00 -9.4007e+00 1.3821e+01 -1.4008e+01
1.7900e+02 3.2672e+00 -2.9480e+00 7.4771e+00 -9.3517e+00 1.2741e+01 -1.3793e+01
1.8000e+02 3.4281e+00 -2.8397e+00 7.6726e+00 -9.4202e+00 1.3739e+01 -1.4326e+01
1.8100e+02 3.5225e+00 -3.0136e+00 7.6632e+00 -9.4906e+00 1.3173e+01 -1.5095e+01
1.8200e+02 3.6611e+00 -3.3677e+00 7.4811e+00 -9.6805e+00 1.3512e+01 -1.4840e+01
1.8300e+02 3.5434e+00 -3.7794e+00 7.2988e+00 -9.8730e+00 1.3315e+01 -1.4889e+01
1.8400e+02 3.7519e+00 -3.8275e+00 7.1811e+00 -9.6897e+00 1.3509e+01 -1.4492e+01
1.8500e+02 3.7757e+00 -4.0936e+00 7.2064e+00 -9.5062e+00 1.3339e+01 -1.3995e+01
1.8600e+02 3.6442e+00 -4.2927e+00 7.3168e+00 -9.7692e+00 1.4394e+01 -1.3853e+01
1.8700e+02 3.1222e+00 -4.4426e+00 7.5116e+00 -9.3464e+00 1.4805e+01 -1.3642e+01
1.8800e+02 2.8055e+00 -4.1229e+00 7.4967e+00 -9.6002e+00 1.3164e+01 -1.4552e+01
1.8900e+02 2.8727e+00 -3.3978e+00 7.3126e+00 -9.7300e+00 1.3062e+01 -1.5396e+01
1.9000e+02 2.8660e+00 -3.0443e+00 7.1370e+00 -9.5491e+00 1.3933e+01 -1.5132e+01
1.9100e+02 2.8435e+00 -3.0585e+00 7.2080e+00 -9.3316e+00 1.3422e+01 -1.5104e+01
1.9200e+02 2.9124e+00 -3.0248e+00 7.3976e+00 -9.3937e+00 1.3609e+01 -1.5204e+01
1.9300e+02 2.9269e+00 -3.0424e+00 7.7295e+00 -9.4285e+00 1.3113e+01 -1.5965e+01
1.9400e+02 3.0660e+00 -3.0450e+00 7.9996e+00 -9.4441e+00 1.2945e+01 -1.4704e+01
1.9500e+02 2.7421e+00 -3.0941e+00 7.7965e+00 -9.4874e+00 1.3017e+01 -1.4752e+01
1.9600e+02 2.7863e+00 -3.0426e+00 7.4237e+00 -9.5972e+00 1.2889e+01 -1.5215e+01
1.9700e+02 2.8881e+00 -3.1986e+00 7.2305e+00 -9.4172e+00 1.2557e+01 -1.4452e+01
1.9800e+02 2.9676e+00 -3.2481e+00 7.3188e+00 -9.3425e+00 1.2935e+01 -1.4524e+01
1.9900e+02 3.0307e+00 -3.4186e+00 7.5409e+00 -9.2555e+00 1.3661e+01 -1.5006e+01
2.0000e+02 2.8221e+00 -3.6132e+00 7.7491e+00 -9.1752e+00 1.2994e+01 -1.5008e+01
2.0100e+02 2.7631e+00 -3.5854e+00 7.7513e+00 -9.3270e+00 1.2818e+01 -1.6694e+01
2.0200e+02 2.8021e+00 -3.5759e+00 7.5685e+00 -9.4395e+00 1.2883e+01 -1.3764e+01
2.0300e+02 2.8569e+00 -3.7049e+00 7.4277e+00 -9.5376e+00 1.2791e+01 -1.3433e+01
2.0400e+02 2.8314e+00 -3.7785e+00 7.2702e+00 -9.5710e+00 1.3787e+01 -1.2891e+01
2.0500e+02 3.1127e+00 -3.7251e+00 7.2624e+00 -9.4740e+00 1.3052e+01 -1.3654e+01
2.0600e+02 3.0613e+00 -3.4939e+00 7.2895e+00 -9.3797e+00 1.3203e+01 -1.4506e+01
2.0700e+02 2.9188e+00 -3.3572e+00 7.3625e+00 -9.2044e+00 1.3379e+01 -1.3436e+01
2.0800e+02 2.7767e+00 -3.4918e+00 7.7146e+00 -9.2171e+00 1.3836e+01 -1.4109e+01
2.0900e+02 2.9808e+00 -3.6799e+00 8.0532e+00 -9.3410e+00 1.3794e+01 -1.3481e+01
2.1000e+02 3.0623e+00 -3.7745e+00 8.0847e+00 -9.6581e+00 1.4558e+01 -1.3098e+01
2.1100e+02 3.2872e+00 -3.7628e+00 8.2394e+00 -9.8659e+00 1.3466e+01 -1.2651e+01
2.1200e+02 3.5255e+00 -3.6585e+00 8.4555e+00 -9.8314e+00 1.3407e+01 -1.2652e+01
2.1300e+02 3.5923e+00 -3.6165e+00 8.6059e+00 -9.8747e+00 1.3500e+01 -1.3457e+01
2.1400e+02 3.3692e+00 -3.3909e+00 8.5277e+00 -9.8884e+00 1.4360e+01 -1.2968e+01
2.1500e+02 3.2577e+00 -3.3011e+00 8.6110e+00 -9.8195e+00 1.3836e+01 -1.2835e+01
2.1600e+02 3.0459e+00 -3.3083e+00 8.5371e+00 -9.7602e+00 1.4226e+01 -1.3957e+01
2.1700e+02 3.2409e+00 -3.4531e+00 8.6587e+00 -9.7233e+00 1.4012e+01 -1.2714e+01
2.1800e+02 3.3499e+00 -3.4847e+00 8.7887e+00 -9.6827e+00 1.4051e+01 -1.3340e+01
2.1900e+02 3.4080e+00 -3.3564e+00 8.9121e+00 -9.7396e+00 1.3858e+01 -1.3049e+01
2.2000e+02 3.4046e+00 -3.5648e+00 8.9066e+00 -9.8511e+00 1.3823e+01 -1.3010e+01
2.2100e+02 3.2305e+00 -3.6035e+00 8.7450e+00 -9.9240e+00 1.3630e+01 -1.3385e+01
2.2200e+02 3.2763e+00 -3.6720e+00 8.7115e+00 -9.8139e+00 1.3608e+01 -1.3413e+01
2.2300e+02 3.2925e+00 -3.9120e+00 8.7099e+00 -9.8252e+00 1.4298e+01 -1.3636e+01
2.2400e+02 3.4538e+00 -3.9562e+00 8.8387e+00 -9.9746e+00 1.4136e+01 -1.3230e+01
2.2500e+02 3.2483e+00 -3.6843e+00 8.7870e+00 -1.0093e+01 1.3843e+01 -1.3063e+01
2.2600e+02 3.3371e+00 -3.8564e+00 8.7723e+00 -1.0158e+01 1.3900e+01 -1.3105e+01
2.2700e+02 3.3468e+00 -3.7921e+00 8.6748e+00 -1.0216e+01 1.3682e+01 -1.2855e+01
2.2800e+02 2.9722e+00 -3.7308e+00 8.4549e+00 -1.0317e+01 1.3568e+01 -1.3043e+01
2.2900e+02 3.2254e+00 -3.6791e+00 8.3426e+00 -1.0441e+01 1.3821e+01 -1.2690e+01
2.3000e+02 3.2330e+00 -3.5593e+00 8.3450e+00 -1.0436e+01 1.3977e+01 -1.2907e+01
2.3100e+02 3.0846e+00 -3.4002e+00 8.4124e+00 -1.0355e+01 1.4079e+01 -1.2864e+01
2.3200e+02 3.2224e+00 -3.2210e+00 8.4881e+00 -1.0461e+01 1.3993e+01 -1.2847e+01
2.3300e+02 3.3746e+00 -3.3465e+00 8.5643e+00 -1.0583e+01 1.4088e+01 -1.3274e+01
2.3400e+02 3.5054e+00 -3.5389e+00 8.6187e+00 -1.0581e+01 1.3923e+01 -1.3323e+01
2.3500e+02 3.5130e+00 -3.5576e+00 8.6371e+00 -1.0293e+01 1.4116e+01 -1.2962e+01
2.3600e+02 3.4056e+00 -3.3232e+00 8.6555e+00 -1.0166e+01 1.4264e+01 -1.2943e+01
2.3700e+02 3.4939e+00 -3.1010e+00 8.7697e+00 -1.0246e+01 1.4418e+01 -1.2880e+01
2.3800e+02 3.8228e+00 -3.0870e+00 8.7121e+00 -1.0327e+01 1.4533e+01 -1.3040e+01
2.3900e+02 3.8527e+00 -3.2310e+00 8.3672e+00 -1.0274e+01 1.4464e+01 -1.4552e+01
2.4000e+02 3.6811e+00 -3.3133e+00 8.2699e+00 -1.0299e+01 1.4081e+01 -1.5325e+01
2.4100e+02 3.6510e+00 -3.2906e+00 8.1598e+00 -1.0064e+01 1.3958e+01 -1.5821e+01
2.4200e+02 3.7422e+00 -3.2024e+00 7.9942e+00 -9.9075e+00 1.3694e+01 -1.6553e+01
2.4300e+02 4.0306e+00 -3.3764e+00 8.1361e+00 -9.8073e+00 1.3451e+01 -1.7096e+01
2.4400e+02 4.0014e+00 -3.4830e+00 8.0670e+00 -9.8640e+00 1.3471e+01 -1.5801e+01
2.4500e+02 4.1220e+00 -3.4176e+00 7.6827e+00 -1.0147e+01 1.3381e+01 -1.6486e+01
2.4600e+02 3.6995e+00 -3.3206e+00 7.9974e+00 -9.9235e+00 1.3427e+01 -1.6034e+01
2.4700e+02 3.9223e+00 -3.2697e+00 8.1210e+00 -9.3613e+00 1.3816e+01 -1.5924e+01
2.4800e+02 4.1239e+00 -3.2527e+00 7.8338e+00 -9.2562e+00 1.3915e+01 -1.5731e+01
2.4900e+02 4.1425e+00 -3.2270e+00 7.5714e+00 -9.2463e+00 1.3713e+01 -1.5832e+01
2.5000e+02 3.9244e+00 -3.1648e+00 7.8508e+00 -9.1049e+00 1.3769e+01 -1.6048e+01
2.5100e+02 3.9717e+00 -3.1090e+00 7.7118e+00 -8.8811e+00 1.3866e+01 -1.6905e+01
2.5200e+02 4.1109e+00 -3.1848e+00 7.5116e+00 -8.7909e+00 1.4063e+01 -1.5899e+01
2.5300e+02 4.0757e+00 -3.3043e+00 7.5669e+00 -8.9155e+00 1.4213e+01 -1.5324e+01
2.5400e+02 3.9745e+00 -3.3764e+00 7.5604e+00 -9.1001e+00 1.3926e+01 -1.5012e+01
2.5500e+02 3.8542e+00 -3.5213e+00 7.5311e+00 -9.4045e+00 1.4119e+01 -1.4867e+01
2.5600e+02 3.8153e+00 -3.6783e+00 7.5407e+00 -9.7252e+00 1.4208e+01 -1.4694e+01
2.5700e+02 3.7360e+00 -3.7411e+00 7.5826e+00 -9.8961e+00 1.4277e+01 -1.4854e+01
2.5800e+02 3.4752e+00 -3.9470e+00 7.6407e+00 -9.7389e+00 1.4202e+01 -1.4309e+01
2.5900e+02 3.5444e+00 -4.2569e+00 7.6105e+00 -9.7254e+00 1.4283e+01 -1.4544e+01
2.6000e+02 3.5128e+00 -4.5176e+00 7.5812e+00 -9.8951e+00 1.4051e+01 -1.4482e+01
2.6100e+02 3.3920e+00 -4.6036e+00 7.7069e+00 -1.0101e+01 1.4227e+01 -1.4346e+01
2.6200e+02 3.2544e+00 -4.4623e+00 7.8231e+00 -1.0131e+01 1.4070e+01 -1.4998e+01
2.6300e+02 3.2085e+00 -4.2803e+00 7.8289e+00 -9.9521e+00 1.4032e+01 -1.4700e+01
2.6400e+02 3.1371e+00 -4.0054e+00 7.9109e+00 -9.8116e+00 1.4103e+01 -1.4856e+01
2.6500e+02 3.0949e+00 -4.1096e+00 7.7780e+00 -9.6849e+00 1.3945e+01 -1.5039e+01
2.6600e+02 2.9405e+00 -4.2639e+00 7.7038e+00 -9.4822e+00 1.4026e+01 -1.4590e+01
2.6700e+02 2.9773e+00 -4.2067e+00 7.7102e+00 -9.5971e+00 1.4106e+01 -1.4557e+01
2.6800e+02 2.9840e+00 -4.1423e+00 7.6164e+00 -9.9000e+00 1.4048e+01 -1.4716e+01
2.6900e+02 2.9864e+00 -4.0254e+00 7.7863e+00 -1.0033e+01 1.4083e+01 -1.4665e+01
2.7000e+02 3.0519e+00 -4.1384e+00 7.8349e+00 -9.9202e+00 1.4758e+01 -1.5037e+01
2.7100e+02 3.3279e+00 -3.9882e+00 7.7468e+00 -9.7947e+00 1.3877e+01 -1.5125e+01
2.7200e+02 3.5169e+00 -3.7663e+00 7.7726e+00 -9.6904e+00 1.3896e+01 -1.4902e+01
2.7300e+02 3.4383e+00 -3.3211e+00 7.4523e+00 -9.7632e+00 1.3759e+01 -1.4612e+01
2.7400e+02 3.1607e+00 -3.2671e+00 7.4478e+00 -9.7596e+00 1.3938e+01 -1.4282e+01
2.7500e+02 3.0278e+00 -3.0925e+00 7.6629e+00 -9.6828e+00 1.4021e+01 -1.4255e+01
2.7600e+02 2.9259e+00 -3.2695e+00 7.8253e+00 -9.6056e+00 1.3943e+01 -1.4172e+01
2.7700e+02 2.9091e+00 -3.4115e+00 7.9172e+00 -9.6330e+00 1.3874e+01 -1.3904e+01
2.7800e+02 2.9875e+00 -3.4569e+00 8.0323e+00 -9.5827e+00 1.3939e+01 -1.4441e+01
2.7900e+02 3.1121e+00 -3.4663e+00 8.0949e+00 -9.5822e+00 1.4022e+01 -1.4406e+01
2.8000e+02 3.3594e+00 -3.5748e+00 7.8952e+00 -9.8280e+00 1.3903e+01 -1.4123e+01
2.8100e+02 3.4227e+00 -3.7299e+00 7.6357e+00 -1.0055e+01 1.4298e+01 -1.4089e+01
2.8200e+02 3.5221e+00 -3.7601e+00 7.5992e+00 -1.0189e+01 1.3729e+01 -1.3415e+01
2.8300e+02 3.4933e+00 -3.6804e+00 7.5026e+00 -1.0372e+01 1.3872e+01 -1.3509e+01
2.8400e+02 3.3720e+00 -3.6727e+00 7.5808e+00 -1.0457e+01 1.3687e+01 -1.3412e+01
2.8500e+02 3.3898e+00 -3.5455e+00 7.5623e+00 -1.0558e+01 1.3610e+01 -1.3903e+01
2.8600e+02 3.3061e+00 -3.2948e+00 7.4619e+00 -1.0613e+01 1.3738e+01 -1.4168e+01
2.8700e+02 3.4698e+00 -3.1487e+00 7.3325e+00 -1.0369e+01 1.3777e+01 -1.4339e+01
2.8800e+02 3.2943e+00 -3.1197e+00 7.2888e+00 -1.0120e+01 1.3721e+01 -1.4458e+01
2.8900e+02 3.4673e+00 -3.1387e+00 7.2254e+00 -1.0237e+01 1.3863e+01 -1.4032e+01
2.9000e+02 3.0663e+00 -3.1534e+00 7.5282e+00 -1.0409e+01 1.3749e+01 -1.3560e+01
2.9100e+02 2.9949e+00 -3.1040e+00 7.7410e+00 -1.0330e+01 1.3564e+01 -1.3838e+01
2.9200e+02 3.1276e+00 -3.0715e+00 8.0497e+00 -1.0245e+01 1.3520e+01 -1.3830e+01
2.9300e+02 3.2157e+00 -3.0770e+00 8.0925e+00 -1.0244e+01 1.3590e+01 -1.4088e+01
2.9400e+02 3.1726e+00 -3.0702e+00 8.1609e+00 -1.0419e+01 1.3679e+01 -1.4092e+01
2.9500e+02 3.0498e+00 -3.0510e+00 8.0645e+00 -1.0457e+01 1.3710e+01 -1.3897e+01
2.9600e+02 2.8531e+00 -3.0639e+00 7.9141e+00 -1.0546e+01 1.4001e+01 -1.4466e+01
2.9700e+02 2.7003e+00 -3.1508e+00 8.2105e+00 -1.0593e+01 1.3809e+01 -1.4116e+01
2.9800e+02 2.8097e+00 -3.2310e+00 8.2514e+00 -1.0613e+01 1.3798e+01 -1.4330e+01
2.9900e+02 2.7186e+00 -3.2290e+00 8.1237e+00 -1.0293e+01 1.3548e+01 -1.3886e+01
3.0000e+02 2.5975e+00 -3.2696e+00 7.9595e+00 -1.0080e+01 1.3567e+01 -1.3812e+01
