0.0000e+00 2.2550e+06
1.0000e+01 5.1083e+06
2.0000e+01 1.0685e+07
3.0000e+01 2.3473e+07
4.0000e+01 5.6142e+07
5.0000e+01 1.5346e+08
6.0000e+01 4.7889e+08
7.0000e+01 1.2237e+09
8.0000e+01 2.1397e+09
9.0000e+01 4.3600e+09
1.0000e+02 6.2606e+09
1.1000e+02 7.7014e+09
1.2000e+02 7.9748e+09
1.3000e+02 7.8845e+09
1.4000e+02 7.7195e+09
1.5000e+02 7.0611e+09
1.6000e+02 6.9232e+09
1.7000e+02 6.9048e+09
1.8000e+02 6.5039e+09
1.9000e+02 6.6477e+09
2.0000e+02 7.0459e+09
2.1000e+02 6.8802e+09
2.2000e+02 6.6171e+09
2.3000e+02 6.5180e+09
2.4000e+02 6.5745e+09
2.5000e+02 6.4847e+09
2.6000e+02 6.7058e+09
2.7000e+02 6.8793e+09
2.8000e+02 6.9471e+09
2.9000e+02 7.0757e+09
3.0000e+02 6.8935e+09
3.1000e+02 6.9705e+09
3.2000e+02 6.6883e+09
3.3000e+02 6.8763e+09
3.4000e+02 7.2586e+09
3.5000e+02 7.3623e+09
3.6000e+02 7.2067e+09
3.7000e+02 7.7487e+09
3.8000e+02 7.5178e+09
3.9000e+02 6.9609e+09
4.0000e+02 6.5472e+09
