0.0000e+00 0.0000e+00 0.0000e+00 3.8455e-01 -3.6723e-01 1.8178e-01 -1.7696e-01
1.0000e+01 1.7665e-01 -1.7359e-01 1.6724e-01 -1.6402e-01 1.0224e-01 -1.0542e-01
2.0000e+01 2.7249e-01 -2.8329e-01 2.5372e-01 -2.6447e-01 1.8213e-01 -1.7138e-01
3.0000e+01 4.4678e-01 -4.3053e-01 4.1160e-01 -3.9694e-01 2.9002e-01 -3.0667e-01
4.0000e+01 6.6392e-01 -6.4980e-01 6.0328e-01 -5.8828e-01 4.8669e-01 -4.8650e-01
5.0000e+01 9.9061e-01 -9.7428e-01 8.9076e-01 -8.7288e-01 8.3523e-01 -7.8535e-01
6.0000e+01 1.9924e+00 -1.6599e+00 1.8552e+00 -1.4920e+00 1.6709e+00 -1.6669e+00
7.0000e+01 2.5739e+00 -2.8459e+00 2.4998e+00 -2.5810e+00 3.2589e+00 -3.6647e+00
8.0000e+01 3.6491e+00 -3.5121e+00 3.6178e+00 -3.4197e+00 5.6608e+00 -5.3262e+00
9.0000e+01 5.2782e+00 -5.5372e+00 5.0623e+00 -4.8976e+00 1.0927e+01 -1.0444e+01
1.0000e+02 6.9958e+00 -6.4912e+00 7.2336e+00 -6.1977e+00 1.8505e+01 -1.3067e+01
1.1000e+02 7.4006e+00 -6.8729e+00 7.3939e+00 -6.8215e+00 1.8501e+01 -1.5777e+01
1.2000e+02 6.6907e+00 -9.0518e+00 6.4727e+00 -8.4928e+00 2.0421e+01 -1.7920e+01
1.3000e+02 6.8854e+00 -9.0175e+00 6.6773e+00 -8.9960e+00 2.1974e+01 -2.1421e+01
1.4000e+02 8.4297e+00 -9.5715e+00 8.4935e+00 -9.0538e+00 2.5024e+01 -2.7567e+01
1.5000e+02 9.4807e+00 -7.2170e+00 9.1232e+00 -6.9588e+00 2.0756e+01 -2.4572e+01
1.6000e+02 7.5403e+00 -6.7219e+00 7.2122e+00 -6.6160e+00 2.3426e+01 -2.8001e+01
1.7000e+02 6.9730e+00 -8.0878e+00 6.8986e+00 -7.8312e+00 2.6019e+01 -2.5279e+01
1.8000e+02 7.2631e+00 -6.8774e+00 7.1764e+00 -7.0925e+00 2.6478e+01 -2.7991e+01
1.9000e+02 7.9553e+00 -6.4754e+00 7.7547e+00 -6.4776e+00 2.7291e+01 -2.4849e+01
2.0000e+02 6.6262e+00 -7.6084e+00 6.9383e+00 -7.1607e+00 2.6348e+01 -2.1878e+01
2.1000e+02 6.9309e+00 -7.3642e+00 6.4923e+00 -7.2750e+00 2.5655e+01 -2.6619e+01
2.2000e+02 6.5626e+00 -7.0001e+00 6.4935e+00 -6.6988e+00 2.5465e+01 -2.3846e+01
2.3000e+02 7.1041e+00 -7.2271e+00 6.8715e+00 -6.7994e+00 2.5484e+01 -2.0176e+01
2.4000e+02 8.0924e+00 -6.3586e+00 7.4541e+00 -6.2619e+00 2.2965e+01 -2.2392e+01
2.5000e+02 7.7738e+00 -7.1714e+00 7.5141e+00 -6.8671e+00 2.2824e+01 -2.5733e+01
2.6000e+02 7.5168e+00 -8.6427e+00 7.2050e+00 -8.6819e+00 2.3429e+01 -2.5191e+01
2.7000e+02 7.6074e+00 -8.1730e+00 7.2962e+00 -8.1716e+00 2.1959e+01 -2.3724e+01
2.8000e+02 6.7063e+00 -8.0992e+00 6.4751e+00 -7.8373e+00 2.1049e+01 -2.4844e+01
2.9000e+02 7.0823e+00 -6.7029e+00 6.4890e+00 -6.3375e+00 2.2537e+01 -2.4993e+01
3.0000e+02 8.4765e+00 -8.9780e+00 7.9453e+00 -8.8334e+00 2.6231e+01 -2.5404e+01
3.1000e+02 7.1091e+00 -7.3418e+00 6.6279e+00 -7.4469e+00 2.5206e+01 -2.3773e+01
3.2000e+02 6.6093e+00 -6.6689e+00 6.1736e+00 -6.2219e+00 3.2626e+01 -2.5474e+01
3.3000e+02 6.7887e+00 -7.3770e+00 6.6427e+00 -6.9059e+00 3.1121e+01 -2.5158e+01
3.4000e+02 7.6378e+00 -7.6435e+00 7.2103e+00 -7.0287e+00 2.5752e+01 -2.3498e+01
3.5000e+02 8.0222e+00 -6.4151e+00 7.3533e+00 -5.7342e+00 2.3969e+01 -2.2770e+01
3.6000e+02 8.8629e+00 -8.1027e+00 8.4694e+00 -7.8618e+00 2.4221e+01 -2.5561e+01
3.7000e+02 7.1017e+00 -7.4917e+00 6.9901e+00 -7.0599e+00 2.3304e+01 -2.6093e+01
3.8000e+02 7.6668e+00 -7.5018e+00 7.2655e+00 -7.3785e+00 2.2962e+01 -2.6698e+01
3.9000e+02 6.8912e+00 -8.0908e+00 6.2239e+00 -8.0393e+00 2.6102e+01 -2.8126e+01
4.0000e+02 6.0837e+00 -7.4723e+00 5.9312e+00 -7.5760e+00 2.5427e+01 -2.6365e+01
