0.0000e+00 2.2497e+06
1.0000e+01 4.5310e+05
2.0000e+01 5.4295e+05
3.0000e+01 6.5203e+05
4.0000e+01 7.8490e+05
5.0000e+01 9.4750e+05
6.0000e+01 1.1475e+06
7.0000e+01 1.3949e+06
8.0000e+01 1.7031e+06
9.0000e+01 2.0899e+06
1.0000e+02 2.5793e+06
1.1000e+02 3.2040e+06
1.2000e+02 4.0088e+06
1.3000e+02 5.0579e+06
1.4000e+02 6.4415e+06
1.5000e+02 8.2838e+06
1.6000e+02 1.0756e+07
1.7000e+02 1.4073e+07
1.8000e+02 1.8487e+07
1.9000e+02 2.4208e+07
2.0000e+02 3.1343e+07
2.1000e+02 3.9932e+07
2.2000e+02 4.9051e+07
2.3000e+02 5.8666e+07
2.4000e+02 6.8195e+07
2.5000e+02 7.7355e+07
2.6000e+02 8.6601e+07
2.7000e+02 9.7191e+07
2.8000e+02 1.0938e+08
2.9000e+02 1.2135e+08
3.0000e+02 1.3735e+08
3.1000e+02 1.5621e+08
3.2000e+02 1.7783e+08
3.3000e+02 2.0514e+08
3.4000e+02 2.3468e+08
3.5000e+02 2.6133e+08
3.6000e+02 2.8125e+08
3.7000e+02 3.0392e+08
3.8000e+02 3.3764e+08
3.9000e+02 3.8256e+08
4.0000e+02 4.3234e+08
4.1000e+02 4.7348e+08
4.2000e+02 5.0686e+08
4.3000e+02 5.3090e+08
4.4000e+02 5.5994e+08
4.5000e+02 5.8643e+08
4.6000e+02 6.0028e+08
4.7000e+02 6.2643e+08
4.8000e+02 6.4049e+08
4.9000e+02 6.4041e+08
5.0000e+02 6.4251e+08
5.1000e+02 6.4195e+08
5.2000e+02 6.3857e+08
5.3000e+02 6.3828e+08
5.4000e+02 6.1013e+08
5.5000e+02 5.8889e+08
5.6000e+02 5.8325e+08
5.7000e+02 5.7797e+08
5.8000e+02 5.7179e+08
5.9000e+02 5.7343e+08
6.0000e+02 5.7293e+08
6.1000e+02 5.6978e+08
6.2000e+02 5.7365e+08
6.3000e+02 5.7516e+08
6.4000e+02 5.8801e+08
6.5000e+02 6.0703e+08
6.6000e+02 6.0552e+08
6.7000e+02 6.0203e+08
6.8000e+02 5.8538e+08
6.9000e+02 5.7109e+08
7.0000e+02 5.7890e+08
7.1000e+02 5.7419e+08
7.2000e+02 5.8476e+08
7.3000e+02 5.9193e+08
7.4000e+02 6.1054e+08
7.5000e+02 6.1610e+08
7.6000e+02 6.2427e+08
7.7000e+02 6.0319e+08
7.8000e+02 5.7795e+08
7.9000e+02 5.7403e+08
8.0000e+02 5.7755e+08
8.1000e+02 5.7448e+08
8.2000e+02 5.8125e+08
8.3000e+02 5.8958e+08
8.4000e+02 5.9712e+08
8.5000e+02 6.1750e+08
8.6000e+02 6.3792e+08
8.7000e+02 6.4216e+08
8.8000e+02 6.4650e+08
8.9000e+02 6.2874e+08
9.0000e+02 6.2769e+08
9.1000e+02 6.1558e+08
9.2000e+02 6.1043e+08
9.3000e+02 6.1306e+08
9.4000e+02 6.4365e+08
9.5000e+02 6.5663e+08
9.6000e+02 6.6827e+08
9.7000e+02 6.6492e+08
9.8000e+02 6.5793e+08
9.9000e+02 6.4467e+08
1.0000e+03 6.3522e+08
