0.0000e+00 0.0000e+00 0.0000e+00 3.8427e-01 -3.6716e-01 1.8157e-01 -1.7686e-01
1.0000e+01 1.3451e-01 -1.3313e-01 1.3278e-01 -1.3135e-01 7.3981e-02 -6.9614e-02
2.0000e+01 1.3823e-01 -1.3583e-01 1.3676e-01 -1.3432e-01 7.8079e-02 -8.0710e-02
3.0000e+01 1.5620e-01 -1.6050e-01 1.5505e-01 -1.5950e-01 8.2991e-02 -8.6654e-02
4.0000e+01 1.6868e-01 -1.7687e-01 1.6683e-01 -1.7509e-01 1.0415e-01 -9.7126e-02
5.0000e+01 1.7362e-01 -1.8436e-01 1.7179e-01 -1.8218e-01 1.1405e-01 -1.0363e-01
6.0000e+01 2.0044e-01 -1.9143e-01 1.9777e-01 -1.8899e-01 1.1992e-01 -1.2887e-01
7.0000e+01 2.2275e-01 -2.1499e-01 2.1741e-01 -2.1031e-01 1.3118e-01 -1.4173e-01
8.0000e+01 2.2352e-01 -2.2079e-01 2.1903e-01 -2.1541e-01 1.3519e-01 -1.4108e-01
9.0000e+01 2.5754e-01 -2.5458e-01 2.5297e-01 -2.5009e-01 1.5285e-01 -1.6092e-01
1.0000e+02 2.9831e-01 -2.9357e-01 2.9196e-01 -2.8792e-01 1.7562e-01 -1.8565e-01
1.1000e+02 3.1017e-01 -3.3605e-01 3.0781e-01 -3.3314e-01 1.9137e-01 -1.9648e-01
1.2000e+02 3.7757e-01 -3.7478e-01 3.6993e-01 -3.6882e-01 2.3732e-01 -2.5421e-01
1.3000e+02 4.2126e-01 -4.2413e-01 4.1689e-01 -4.2359e-01 2.6911e-01 -2.9715e-01
1.4000e+02 4.9755e-01 -5.4587e-01 4.9235e-01 -5.3509e-01 3.7293e-01 -3.3171e-01
1.5000e+02 5.9595e-01 -6.2450e-01 5.8224e-01 -6.0477e-01 4.5595e-01 -4.1198e-01
1.6000e+02 6.6273e-01 -7.6341e-01 6.5173e-01 -7.5755e-01 5.1355e-01 -4.7604e-01
1.7000e+02 7.9298e-01 -9.5083e-01 7.8378e-01 -9.3610e-01 6.7138e-01 -6.2001e-01
1.8000e+02 9.6560e-01 -1.0726e+00 9.6597e-01 -1.0455e+00 8.3815e-01 -7.4932e-01
1.9000e+02 1.2172e+00 -1.1846e+00 1.2038e+00 -1.1845e+00 9.2834e-01 -9.7173e-01
2.0000e+02 1.2965e+00 -1.3932e+00 1.2687e+00 -1.3774e+00 1.1534e+00 -1.1622e+00
2.1000e+02 1.2292e+00 -1.3829e+00 1.2338e+00 -1.3596e+00 1.0641e+00 -1.0808e+00
2.2000e+02 1.4630e+00 -1.3342e+00 1.4430e+00 -1.3143e+00 1.3080e+00 -1.4043e+00
2.3000e+02 1.4790e+00 -1.3873e+00 1.4540e+00 -1.3785e+00 1.1802e+00 -1.2365e+00
2.4000e+02 1.4285e+00 -1.3768e+00 1.4140e+00 -1.3477e+00 1.4058e+00 -1.3023e+00
2.5000e+02 1.4276e+00 -1.3368e+00 1.4344e+00 -1.3340e+00 1.6813e+00 -1.4421e+00
2.6000e+02 1.7478e+00 -1.5212e+00 1.7116e+00 -1.4845e+00 1.6029e+00 -1.4781e+00
2.7000e+02 1.8514e+00 -1.7320e+00 1.8228e+00 -1.6998e+00 1.6715e+00 -1.6851e+00
2.8000e+02 2.1225e+00 -2.1512e+00 2.1013e+00 -2.1317e+00 1.9651e+00 -2.2150e+00
2.9000e+02 2.1218e+00 -2.1665e+00 2.0762e+00 -2.0960e+00 1.9440e+00 -2.6826e+00
3.0000e+02 2.7154e+00 -2.0493e+00 2.7547e+00 -2.0422e+00 1.8556e+00 -2.5900e+00
3.1000e+02 3.4093e+00 -2.4239e+00 3.3970e+00 -2.3974e+00 1.9650e+00 -2.4999e+00
3.2000e+02 3.6250e+00 -2.6353e+00 3.5745e+00 -2.5881e+00 2.1614e+00 -2.3980e+00
3.3000e+02 3.2955e+00 -2.9106e+00 3.2340e+00 -2.9006e+00 2.1691e+00 -2.3307e+00
3.4000e+02 3.7971e+00 -3.4342e+00 3.7652e+00 -3.3869e+00 2.5878e+00 -2.9124e+00
3.5000e+02 3.4731e+00 -3.3807e+00 3.3237e+00 -3.3356e+00 2.5218e+00 -2.6637e+00
3.6000e+02 3.1247e+00 -3.3816e+00 3.0792e+00 -3.3854e+00 2.6347e+00 -2.9081e+00
3.7000e+02 3.1986e+00 -4.0702e+00 3.1317e+00 -4.0319e+00 2.8978e+00 -2.8807e+00
3.8000e+02 3.2624e+00 -4.0254e+00 3.2679e+00 -4.0204e+00 2.8730e+00 -3.1437e+00
3.9000e+02 3.6134e+00 -4.3557e+00 3.5871e+00 -4.3155e+00 3.3592e+00 -3.3004e+00
4.0000e+02 3.6175e+00 -4.2223e+00 3.5795e+00 -4.1963e+00 3.1989e+00 -3.2751e+00
4.1000e+02 3.6609e+00 -4.0876e+00 3.6260e+00 -4.0759e+00 3.3052e+00 -3.2341e+00
4.2000e+02 4.3216e+00 -4.6376e+00 4.3084e+00 -4.5794e+00 3.7169e+00 -3.7107e+00
4.3000e+02 4.5463e+00 -4.4638e+00 4.4894e+00 -4.4563e+00 4.1456e+00 -4.1495e+00
4.4000e+02 4.1289e+00 -4.8641e+00 4.1483e+00 -4.7960e+00 3.9465e+00 -3.5771e+00
4.5000e+02 4.3841e+00 -5.0081e+00 4.3783e+00 -4.9516e+00 4.8497e+00 -4.1582e+00
4.6000e+02 4.4778e+00 -4.4811e+00 4.4750e+00 -4.2958e+00 5.5328e+00 -4.3541e+00
4.7000e+02 4.1591e+00 -4.7893e+00 4.1186e+00 -4.7830e+00 4.8237e+00 -4.4481e+00
4.8000e+02 4.7223e+00 -5.1943e+00 4.7520e+00 -5.3199e+00 4.9524e+00 -6.0079e+00
4.9000e+02 4.0134e+00 -5.6754e+00 3.9972e+00 -5.5875e+00 4.6833e+00 -4.6354e+00
5.0000e+02 5.1850e+00 -4.8488e+00 5.0389e+00 -4.8006e+00 5.7536e+00 -4.6545e+00
5.1000e+02 4.9454e+00 -4.6700e+00 5.0509e+00 -4.6464e+00 4.8438e+00 -4.8227e+00
5.2000e+02 5.1436e+00 -4.7613e+00 5.1334e+00 -4.8243e+00 5.1928e+00 -5.0947e+00
5.3000e+02 5.6972e+00 -4.9183e+00 5.6288e+00 -4.9245e+00 4.8329e+00 -5.6832e+00
5.4000e+02 5.5353e+00 -5.3346e+00 5.5274e+00 -5.3026e+00 5.0825e+00 -5.8053e+00
5.5000e+02 5.0747e+00 -5.1910e+00 5.1350e+00 -5.1051e+00 5.7551e+00 -5.2294e+00
5.6000e+02 5.1136e+00 -5.3186e+00 5.0692e+00 -5.2762e+00 5.7401e+00 -5.6767e+00
5.7000e+02 4.8829e+00 -5.2485e+00 4.7783e+00 -5.3823e+00 4.4974e+00 -5.2362e+00
5.8000e+02 4.7107e+00 -4.8411e+00 4.7389e+00 -4.8506e+00 4.9547e+00 -5.4974e+00
5.9000e+02 4.5340e+00 -4.8006e+00 4.5954e+00 -4.8315e+00 5.2988e+00 -4.5131e+00
6.0000e+02 4.8622e+00 -4.7764e+00 4.8886e+00 -4.6736e+00 4.0510e+00 -4.6754e+00
6.1000e+02 4.6433e+00 -5.2918e+00 4.6792e+00 -5.1825e+00 4.7838e+00 -4.5484e+00
6.2000e+02 4.8090e+00 -4.8915e+00 4.7975e+00 -4.7824e+00 4.8698e+00 -4.4104e+00
6.3000e+02 5.0153e+00 -4.6985e+00 5.0432e+00 -4.6461e+00 6.7733e+00 -4.8097e+00
6.4000e+02 5.4511e+00 -4.2467e+00 5.4252e+00 -4.1864e+00 4.7200e+00 -5.1888e+00
6.5000e+02 5.1238e+00 -4.5606e+00 4.9821e+00 -4.5635e+00 5.0969e+00 -4.8222e+00
6.6000e+02 4.5344e+00 -5.7120e+00 4.5186e+00 -5.7025e+00 5.6236e+00 -4.7881e+00
6.7000e+02 4.7761e+00 -5.0014e+00 4.7318e+00 -4.9470e+00 5.2991e+00 -5.0420e+00
6.8000e+02 4.3288e+00 -5.1117e+00 4.3384e+00 -5.0561e+00 6.0514e+00 -4.3223e+00
6.9000e+02 4.5078e+00 -4.9202e+00 4.4436e+00 -4.8960e+00 6.2279e+00 -6.3663e+00
7.0000e+02 4.2431e+00 -4.9210e+00 4.2201e+00 -4.8520e+00 4.4796e+00 -5.8430e+00
7.1000e+02 4.8772e+00 -4.8714e+00 4.9291e+00 -4.8166e+00 4.8241e+00 -5.6030e+00
7.2000e+02 5.0986e+00 -4.6301e+00 5.1080e+00 -4.5970e+00 4.2176e+00 -5.0204e+00
7.3000e+02 4.7932e+00 -4.5908e+00 4.8037e+00 -4.5509e+00 5.1544e+00 -4.9162e+00
7.4000e+02 4.9229e+00 -4.8066e+00 4.9202e+00 -4.8037e+00 3.9459e+00 -5.0414e+00
7.5000e+02 4.8912e+00 -5.0758e+00 4.8865e+00 -4.9820e+00 4.8654e+00 -5.6376e+00
7.6000e+02 4.5645e+00 -5.1116e+00 4.5677e+00 -5.0950e+00 5.2515e+00 -4.4636e+00
7.7000e+02 5.0139e+00 -4.2631e+00 4.9571e+00 -4.3516e+00 5.3455e+00 -5.3811e+00
7.8000e+02 4.7878e+00 -4.2605e+00 4.7712e+00 -4.3772e+00 4.2980e+00 -5.0150e+00
7.9000e+02 4.9217e+00 -4.1086e+00 4.8922e+00 -4.0467e+00 4.2815e+00 -5.1766e+00
8.0000e+02 5.3531e+00 -4.2394e+00 5.5398e+00 -4.2926e+00 4.6801e+00 -6.1013e+00
8.1000e+02 6.3284e+00 -4.5996e+00 6.2742e+00 -4.5989e+00 4.0307e+00 -5.8391e+00
8.2000e+02 5.4935e+00 -4.8319e+00 5.4293e+00 -4.7511e+00 4.3615e+00 -4.6531e+00
8.3000e+02 5.6088e+00 -5.0035e+00 5.5615e+00 -5.0213e+00 4.2367e+00 -4.3303e+00
8.4000e+02 4.7800e+00 -5.1325e+00 4.6690e+00 -5.1166e+00 4.5413e+00 -4.5167e+00
8.5000e+02 5.4609e+00 -5.3605e+00 5.5596e+00 -5.3029e+00 4.4995e+00 -4.2137e+00
8.6000e+02 5.1279e+00 -4.7325e+00 5.0725e+00 -4.6533e+00 4.6553e+00 -5.1211e+00
8.7000e+02 5.3113e+00 -5.7126e+00 5.2727e+00 -5.7137e+00 4.6549e+00 -4.7535e+00
8.8000e+02 5.4720e+00 -5.5195e+00 5.4523e+00 -5.4795e+00 4.8888e+00 -4.9454e+00
8.9000e+02 5.3090e+00 -5.7356e+00 5.2641e+00 -5.7088e+00 5.6274e+00 -4.3321e+00
9.0000e+02 5.0153e+00 -5.1371e+00 4.8544e+00 -5.0505e+00 4.9667e+00 -5.1582e+00
9.1000e+02 4.3859e+00 -4.8439e+00 4.4342e+00 -4.8656e+00 5.5400e+00 -4.1602e+00
9.2000e+02 4.4259e+00 -4.9601e+00 4.3859e+00 -4.9960e+00 7.2596e+00 -3.9456e+00
9.3000e+02 4.7501e+00 -5.0622e+00 4.7220e+00 -5.0644e+00 4.4269e+00 -4.6981e+00
9.4000e+02 6.1247e+00 -5.8937e+00 6.1078e+00 -5.8310e+00 4.6677e+00 -5.2084e+00
9.5000e+02 6.3783e+00 -4.7195e+00 6.3469e+00 -4.7345e+00 5.0505e+00 -5.5624e+00
9.6000e+02 6.0596e+00 -4.8036e+00 5.9754e+00 -4.7248e+00 4.5131e+00 -5.7907e+00
9.7000e+02 5.8344e+00 -4.8061e+00 5.8256e+00 -4.7575e+00 5.5521e+00 -4.4039e+00
9.8000e+02 6.1742e+00 -4.9505e+00 5.9757e+00 -4.8487e+00 5.2537e+00 -4.5777e+00
9.9000e+02 5.6234e+00 -4.7390e+00 5.6557e+00 -4.7096e+00 4.7240e+00 -5.4887e+00
1.0000e+03 5.4743e+00 -4.7670e+00 5.4931e+00 -4.6968e+00 5.1170e+00 -5.8114e+00
